Id,N,C,Clocks
1o0, 500, 1,   21752086.00
1o2, 500, 1,    3673154.00
1o3, 500, 1,    1234444.00
2  , 500, 1,    7709162.00
3  , 500, 1,    7719326.00
4o0, 500, 2,    7749914.00
4o2, 500, 2,    2064090.00
4o0, 500, 4,    4052524.00
4o2, 500, 4,    1223502.00
4o0, 500, 8,    2305232.00
4o2, 500, 8,     850614.00
4o0, 500,16,    1658168.00
4o2, 500,16,    1019138.00
4o0, 500,32,    2080946.00
4o2, 500,32,    2092490.00
4o0, 500,64,    3388386.00
4o2, 500,64,    3371002.00
1o0, 750, 1,   50212258.00
1o2, 750, 1,    8598406.00
1o3, 750, 1,    2967016.00
2  , 750, 1,   16364948.00
3  , 750, 1,   16380882.00
4o0, 750, 2,   15421714.00
4o2, 750, 2,    3512840.00
4o0, 750, 4,    8221444.00
4o2, 750, 4,    2088142.00
4o0, 750, 8,    4433222.00
4o2, 750, 8,    1648500.00
4o0, 750,16,    3111038.00
4o2, 750,16,    1615592.00
4o0, 750,32,    3239488.00
4o2, 750,32,    2095120.00
4o0, 750,64,    5100598.00
4o2, 750,64,    3573156.00
1o0,1000, 1,   91654996.00
1o2,1000, 1,   15108120.00
1o3,1000, 1,    4935100.00
2  ,1000, 1,   29457766.00
3  ,1000, 1,   28425562.00
4o0,1000, 2,   28412268.00
4o2,1000, 2,    6485878.00
4o0,1000, 4,   14428078.00
4o2,1000, 4,    3797160.00
4o0,1000, 8,    7719496.00
4o2,1000, 8,    2362664.00
4o0,1000,16,    4507742.00
4o2,1000,16,    2023262.00
4o0,1000,32,    4026906.00
4o2,1000,32,    2353520.00
4o0,1000,64,    4319094.00
4o2,1000,64,    3972162.00
1o0,1500, 1,  206753288.00
1o2,1500, 1,   34590626.00
1o3,1500, 1,   11660654.00
2  ,1500, 1,   64401202.00
3  ,1500, 1,   63099234.00
4o0,1500, 2,   60613852.00
4o2,1500, 2,   14481796.00
4o0,1500, 4,   30307356.00
4o2,1500, 4,    7746218.00
4o0,1500, 8,   15717316.00
4o2,1500, 8,    3878948.00
4o0,1500,16,    9315740.00
4o2,1500,16,    2989978.00
4o0,1500,32,    6236000.00
4o2,1500,32,    2859056.00
4o0,1500,64,    5819826.00
4o2,1500,64,    4485984.00
1o0,2000, 1,  363623026.00
1o2,2000, 1,   61237020.00
1o3,2000, 1,   21525592.00
2  ,2000, 1,  114415538.00
3  ,2000, 1,  112998384.00
4o0,2000, 2,  108822992.00
4o2,2000, 2,   25420128.00
4o0,2000, 4,   54827894.00
4o2,2000, 4,   13067436.00
4o0,2000, 8,   28359594.00
4o2,2000, 8,    7406508.00
4o0,2000,16,   15096230.00
4o2,2000,16,    5495712.00
4o0,2000,32,    8902608.00
4o2,2000,32,    3459672.00
4o0,2000,64,    7281380.00
4o2,2000,64,    5563500.00
1o0,3000, 1,  803435528.00
1o2,3000, 1,  136953254.00
1o3,3000, 1,   48730110.00
2  ,3000, 1,  255452722.00
3  ,3000, 1,  255515836.00
4o0,3000, 2,  244941636.00
4o2,3000, 2,   56850148.00
4o0,3000, 4,  127314604.00
4o2,3000, 4,   28703760.00
4o0,3000, 8,   63153012.00
4o2,3000, 8,   15632324.00
4o0,3000,16,   32736770.00
4o2,3000,16,   10098024.00
4o0,3000,32,   18028996.00
4o2,3000,32,    6416786.00
4o0,3000,64,   12750988.00
4o2,3000,64,    7135650.00
1o0,3500, 1, 1083911184.00
1o2,3500, 1,  180903004.00
1o3,3500, 1,   63482812.00
2  ,3500, 1,  346179506.00
3  ,3500, 1,  348445076.00
4o0,3500, 2,  332834098.00
4o2,3500, 2,   77746042.00
4o0,3500, 4,  167940222.00
4o2,3500, 4,   39968340.00
4o0,3500, 8,   85162792.00
4o2,3500, 8,   21501118.00
4o0,3500,16,   44678230.00
4o2,3500,16,   13813964.00
4o0,3500,32,   23705256.00
4o2,3500,32,    7801358.00
4o0,3500,64,   15516280.00
4o2,3500,64,    7878782.00
1o0, 500, 1,   21752380.00
1o2, 500, 1,    3670558.00
1o3, 500, 1,    1238042.00
2  , 500, 1,    7724402.00
3  , 500, 1,    7762600.00
4o0, 500, 2,    7787756.00
4o2, 500, 2,    2052986.00
4o0, 500, 4,    4076962.00
4o2, 500, 4,    1181112.00
4o0, 500, 8,    2296074.00
4o2, 500, 8,     912896.00
4o0, 500,16,    1645094.00
4o2, 500,16,     994948.00
4o0, 500,32,    1944658.00
4o2, 500,32,    1654742.00
4o0, 500,64,    3858786.00
4o2, 500,64,    3078998.00
1o0, 750, 1,   50298278.00
1o2, 750, 1,    8541992.00
1o3, 750, 1,    2961152.00
2  , 750, 1,   15519430.00
3  , 750, 1,   15422272.00
4o0, 750, 2,   15848740.00
4o2, 750, 2,    4368038.00
4o0, 750, 4,    8340236.00
4o2, 750, 4,    2062888.00
4o0, 750, 8,    4465470.00
4o2, 750, 8,    1502876.00
4o0, 750,16,    3052060.00
4o2, 750,16,    1375864.00
4o0, 750,32,    2614392.00
4o2, 750,32,    2293076.00
4o0, 750,64,    4515612.00
4o2, 750,64,    3737836.00
1o0,1000, 1,   91713064.00
1o2,1000, 1,   15173288.00
1o3,1000, 1,    4935228.00
2  ,1000, 1,   28764976.00
3  ,1000, 1,   28459854.00
4o0,1000, 2,   27511552.00
4o2,1000, 2,    6266776.00
4o0,1000, 4,   14234150.00
4o2,1000, 4,    3870198.00
4o0,1000, 8,    7614662.00
4o2,1000, 8,    2268632.00
4o0,1000,16,    4846054.00
4o2,1000,16,    1949122.00
4o0,1000,32,    3679904.00
4o2,1000,32,    2372688.00
4o0,1000,64,    4381828.00
4o2,1000,64,    3732398.00
1o0,1500, 1,  202277322.00
1o2,1500, 1,   34609494.00
1o3,1500, 1,   11689600.00
2  ,1500, 1,   63518202.00
3  ,1500, 1,   64167768.00
4o0,1500, 2,   60694918.00
4o2,1500, 2,   14080014.00
4o0,1500, 4,   30904392.00
4o2,1500, 4,    7054424.00
4o0,1500, 8,   16432602.00
4o2,1500, 8,    3901074.00
4o0,1500,16,    9533068.00
4o2,1500,16,    2982264.00
4o0,1500,32,    5857156.00
4o2,1500,32,    3126780.00
4o0,1500,64,    6002032.00
4o2,1500,64,    4413810.00
1o0,2000, 1,  362440106.00
1o2,2000, 1,   61655572.00
1o3,2000, 1,   21610818.00
2  ,2000, 1,  114353858.00
3  ,2000, 1,  111560982.00
4o0,2000, 2,  109188294.00
4o2,2000, 2,   25020546.00
4o0,2000, 4,   55142642.00
4o2,2000, 4,   13124152.00
4o0,2000, 8,   27851572.00
4o2,2000, 8,    7774244.00
4o0,2000,16,   14496178.00
4o2,2000,16,    4787106.00
4o0,2000,32,    8976246.00
4o2,2000,32,    3567976.00
4o0,2000,64,    7563270.00
4o2,2000,64,    5609546.00
1o0,3000, 1,  802184920.00
1o2,3000, 1,  137219128.00
1o3,3000, 1,   48807704.00
2  ,3000, 1,  257443786.00
3  ,3000, 1,  255219678.00
4o0,3000, 2,  245772852.00
4o2,3000, 2,   57244300.00
4o0,3000, 4,  123274214.00
4o2,3000, 4,   29374822.00
4o0,3000, 8,   62681012.00
4o2,3000, 8,   16086220.00
4o0,3000,16,   32774836.00
4o2,3000,16,    9921292.00
4o0,3000,32,   18420732.00
4o2,3000,32,    6343914.00
4o0,3000,64,   12779424.00
4o2,3000,64,    7111038.00
1o0,3500, 1, 1072136686.00
1o2,3500, 1,  181398610.00
1o3,3500, 1,   63526476.00
2  ,3500, 1,  346548446.00
3  ,3500, 1,  348223346.00
4o0,3500, 2,  334034124.00
4o2,3500, 2,   76970168.00
4o0,3500, 4,  167295772.00
4o2,3500, 4,   38799200.00
4o0,3500, 8,   84527322.00
4o2,3500, 8,   20977418.00
4o0,3500,16,   43717668.00
4o2,3500,16,   13883080.00
4o0,3500,32,   23656846.00
4o2,3500,32,    7719022.00
4o0,3500,64,   15366728.00
4o2,3500,64,    8294846.00
1o0, 500, 1,   21774152.00
1o2, 500, 1,    3670024.00
1o3, 500, 1,    1249742.00
2  , 500, 1,    7747814.00
3  , 500, 1,    7801230.00
4o0, 500, 2,    7787110.00
4o2, 500, 2,    2080242.00
4o0, 500, 4,    4057956.00
4o2, 500, 4,    1228396.00
4o0, 500, 8,    2291898.00
4o2, 500, 8,     879296.00
4o0, 500,16,    1656246.00
4o2, 500,16,    1012194.00
4o0, 500,32,    1939528.00
4o2, 500,32,    1540880.00
4o0, 500,64,    3582750.00
4o2, 500,64,    3372634.00
1o0, 750, 1,   49808370.00
1o2, 750, 1,    8595208.00
1o3, 750, 1,    2950260.00
2  , 750, 1,   16450580.00
3  , 750, 1,   16343020.00
4o0, 750, 2,   15704752.00
4o2, 750, 2,    4384932.00
4o0, 750, 4,    8451300.00
4o2, 750, 4,    2514052.00
4o0, 750, 8,    4541478.00
4o2, 750, 8,    1628518.00
4o0, 750,16,    2965578.00
4o2, 750,16,    1395732.00
4o0, 750,32,    3000478.00
4o2, 750,32,    2378352.00
4o0, 750,64,    4564948.00
4o2, 750,64,    3741750.00
1o0,1000, 1,   91413622.00
1o2,1000, 1,   15141078.00
1o3,1000, 1,    4937600.00
2  ,1000, 1,   29451040.00
3  ,1000, 1,   28397608.00
4o0,1000, 2,   27415796.00
4o2,1000, 2,    6347362.00
4o0,1000, 4,   14657132.00
4o2,1000, 4,    3755782.00
4o0,1000, 8,    7508632.00
4o2,1000, 8,    2635056.00
4o0,1000,16,    4752136.00
4o2,1000,16,    1878712.00
4o0,1000,32,    3556972.00
4o2,1000,32,    2302718.00
4o0,1000,64,    4717194.00
4o2,1000,64,    3875042.00
1o0,1500, 1,  206825396.00
1o2,1500, 1,   34164208.00
1o3,1500, 1,   11697418.00
2  ,1500, 1,   64392902.00
3  ,1500, 1,   64351528.00
4o0,1500, 2,   60738940.00
4o2,1500, 2,   14128644.00
4o0,1500, 4,   30681202.00
4o2,1500, 4,    7158232.00
4o0,1500, 8,   15605110.00
4o2,1500, 8,    4219050.00
4o0,1500,16,    9338638.00
4o2,1500,16,    3303862.00
4o0,1500,32,    5897044.00
4o2,1500,32,   72362284.00
4o0,1500,64,    5783694.00
4o2,1500,64,    5101294.00
1o0,2000, 1,  364930978.00
1o2,2000, 1,   60898230.00
1o3,2000, 1,   21566854.00
2  ,2000, 1,  114387834.00
3  ,2000, 1,  113505996.00
4o0,2000, 2,  109368276.00
4o2,2000, 2,   25116506.00
4o0,2000, 4,   55996960.00
4o2,2000, 4,   12561500.00
4o0,2000, 8,   28385854.00
4o2,2000, 8,    7684890.00
4o0,2000,16,   15791366.00
4o2,2000,16,    5231430.00
4o0,2000,32,    8799652.00
4o2,2000,32,    3507398.00
4o0,2000,64,    7585802.00
4o2,2000,64,    5429150.00
1o0,3000, 1,  812721230.00
1o2,3000, 1,  135986986.00
1o3,3000, 1,   48937410.00
2  ,3000, 1,  256807410.00
3  ,3000, 1,  254682198.00
4o0,3000, 2,  245796782.00
4o2,3000, 2,   57215142.00
4o0,3000, 4,  123815854.00
4o2,3000, 4,   29565534.00
4o0,3000, 8,   62898600.00
4o2,3000, 8,   15628936.00
4o0,3000,16,   34363338.00
4o2,3000,16,    9797660.00
4o0,3000,32,   18136464.00
4o2,3000,32,    5529454.00
4o0,3000,64,   13125180.00
4o2,3000,64,    7074218.00
1o0,3500, 1, 1074068576.00
1o2,3500, 1,  181452772.00
1o3,3500, 1,   63505234.00
2  ,3500, 1,  347808634.00
3  ,3500, 1,  348344646.00
4o0,3500, 2,  333299914.00
4o2,3500, 2,   77562262.00
4o0,3500, 4,  172868602.00
4o2,3500, 4,   38918532.00
4o0,3500, 8,   85557554.00
4o2,3500, 8,   21074256.00
4o0,3500,16,   44071016.00
4o2,3500,16,   13922782.00
4o0,3500,32,   24251104.00
4o2,3500,32,    7639382.00
4o0,3500,64,   15978290.00
4o2,3500,64,    7952484.00
1o0, 500, 1,   21837166.00
1o2, 500, 1,    3667720.00
1o3, 500, 1,    1250234.00
2  , 500, 1,    7735212.00
3  , 500, 1,    7769140.00
4o0, 500, 2,    7791480.00
4o2, 500, 2,    2084830.00
4o0, 500, 4,    4125106.00
4o2, 500, 4,    1186260.00
4o0, 500, 8,    2289114.00
4o2, 500, 8,     908278.00
4o0, 500,16,    1647172.00
4o2, 500,16,     973918.00
4o0, 500,32,    1944600.00
4o2, 500,32,    1621726.00
4o0, 500,64,    3508332.00
4o2, 500,64,    3850284.00
1o0, 750, 1,   50008460.00
1o2, 750, 1,    8647042.00
1o3, 750, 1,    2962070.00
2  , 750, 1,   16344462.00
3  , 750, 1,   15612414.00
4o0, 750, 2,   15743274.00
4o2, 750, 2,    4048138.00
4o0, 750, 4,    8170186.00
4o2, 750, 4,    2394626.00
4o0, 750, 8,    4631482.00
4o2, 750, 8,    1492558.00
4o0, 750,16,    3044366.00
4o2, 750,16,    1458308.00
4o0, 750,32,    2644658.00
4o2, 750,32,    1920092.00
4o0, 750,64,    3988324.00
4o2, 750,64,    3405880.00
1o0,1000, 1,   91564594.00
1o2,1000, 1,   15155126.00
1o3,1000, 1,    4933722.00
2  ,1000, 1,   28548526.00
3  ,1000, 1,   28156430.00
4o0,1000, 2,   27717504.00
4o2,1000, 2,    6674514.00
4o0,1000, 4,   14489598.00
4o2,1000, 4,    4244430.00
4o0,1000, 8,    7757728.00
4o2,1000, 8,    2396262.00
4o0,1000,16,    4812994.00
4o2,1000,16,    1929104.00
4o0,1000,32,    3713708.00
4o2,1000,32,    2427100.00
4o0,1000,64,    4696300.00
4o2,1000,64,    3981308.00
1o0,1500, 1,  207705128.00
1o2,1500, 1,   34629278.00
1o3,1500, 1,   11670824.00
2  ,1500, 1,   64129884.00
3  ,1500, 1,   63203166.00
4o0,1500, 2,   61158694.00
4o2,1500, 2,   13705546.00
4o0,1500, 4,   30311834.00
4o2,1500, 4,    7648494.00
4o0,1500, 8,   15940224.00
4o2,1500, 8,    4232216.00
4o0,1500,16,    9526832.00
4o2,1500,16,    2913688.00
4o0,1500,32,    5813590.00
4o2,1500,32,    2771314.00
4o0,1500,64,    6052802.00
4o2,1500,64,    4700530.00
1o0,2000, 1,  363242438.00
1o2,2000, 1,   60991992.00
1o3,2000, 1,   21589560.00
2  ,2000, 1,  114221608.00
3  ,2000, 1,  113202070.00
4o0,2000, 2,  109805628.00
4o2,2000, 2,   24641910.00
4o0,2000, 4,   54530558.00
4o2,2000, 4,   13298018.00
4o0,2000, 8,   27563950.00
4o2,2000, 8,    6655648.00
4o0,2000,16,   15334206.00
4o2,2000,16,    4751972.00
4o0,2000,32,    9049762.00
4o2,2000,32,    4078986.00
4o0,2000,64,    7541164.00
4o2,2000,64,    5237648.00
1o0,3000, 1,  813168166.00
1o2,3000, 1,  135587428.00
1o3,3000, 1,   48729408.00
2  ,3000, 1,  255706898.00
3  ,3000, 1,  256683800.00
4o0,3000, 2,  244930404.00
4o2,3000, 2,   56993384.00
4o0,3000, 4,  124073718.00
4o2,3000, 4,   29652856.00
4o0,3000, 8,   63298254.00
4o2,3000, 8,   16045702.00
4o0,3000,16,   33321180.00
4o2,3000,16,    9725854.00
4o0,3000,32,   18132268.00
4o2,3000,32,    6348864.00
4o0,3000,64,   12529122.00
4o2,3000,64,    6904222.00
1o0,3500, 1, 1074706050.00
1o2,3500, 1,  181425710.00
1o3,3500, 1,   63618124.00
2  ,3500, 1,  346104254.00
3  ,3500, 1,  346144324.00
4o0,3500, 2,  332863608.00
4o2,3500, 2,   77512950.00
4o0,3500, 4,  168208432.00
4o2,3500, 4,   38941460.00
4o0,3500, 8,   85381846.00
4o2,3500, 8,   21644920.00
4o0,3500,16,   44045950.00
4o2,3500,16,   13916370.00
4o0,3500,32,   23604818.00
4o2,3500,32,    7638638.00
4o0,3500,64,  137441558.00
4o2,3500,64,    8329158.00
1o0, 500, 1,   21766174.00
1o2, 500, 1,    3675186.00
1o3, 500, 1,    1250416.00
2  , 500, 1,    7739662.00
3  , 500, 1,    7779126.00
4o0, 500, 2,    7795680.00
4o2, 500, 2,    2081460.00
4o0, 500, 4,    4073014.00
4o2, 500, 4,    1255370.00
4o0, 500, 8,    2293308.00
4o2, 500, 8,     867610.00
4o0, 500,16,    1677112.00
4o2, 500,16,     996390.00
4o0, 500,32,    1967752.00
4o2, 500,32,    1521490.00
4o0, 500,64,    3373824.00
4o2, 500,64,    3213382.00
1o0, 750, 1,   49844124.00
1o2, 750, 1,    8520220.00
1o3, 750, 1,    2972974.00
2  , 750, 1,   16357902.00
3  , 750, 1,   16283894.00
4o0, 750, 2,   15012280.00
4o2, 750, 2,    4472302.00
4o0, 750, 4,    8123072.00
4o2, 750, 4,    2606924.00
4o0, 750, 8,    4616862.00
4o2, 750, 8,    1751402.00
4o0, 750,16,    2908018.00
4o2, 750,16,    1300544.00
4o0, 750,32,    3175932.00
4o2, 750,32,    2259970.00
4o0, 750,64,    4186758.00
4o2, 750,64,    3686284.00
1o0,1000, 1,   92101630.00
1o2,1000, 1,   15121266.00
1o3,1000, 1,    4946214.00
2  ,1000, 1,   29396248.00
3  ,1000, 1,   29279600.00
4o0,1000, 2,   27376214.00
4o2,1000, 2,    6467002.00
4o0,1000, 4,   14166006.00
4o2,1000, 4,    3586924.00
4o0,1000, 8,    7464806.00
4o2,1000, 8,    2323510.00
4o0,1000,16,    4737368.00
4o2,1000,16,    2001480.00
4o0,1000,32,    3503956.00
4o2,1000,32,    2374876.00
4o0,1000,64,  103150250.00
4o2,1000,64,    3944482.00
1o0,1500, 1,  205846456.00
1o2,1500, 1,   34620242.00
1o3,1500, 1,   11675612.00
2  ,1500, 1,   64221082.00
3  ,1500, 1,   63924700.00
4o0,1500, 2,   60872496.00
4o2,1500, 2,   13587290.00
4o0,1500, 4,   30714076.00
4o2,1500, 4,    7841084.00
4o0,1500, 8,   16293794.00
4o2,1500, 8,    4490396.00
4o0,1500,16,    8947358.00
4o2,1500,16,    2999942.00
4o0,1500,32,    5727968.00
4o2,1500,32,    2878908.00
4o0,1500,64,    6100834.00
4o2,1500,64,  128283768.00
1o0,2000, 1,  366344732.00
1o2,2000, 1,   60743940.00
1o3,2000, 1,   21621824.00
2  ,2000, 1,  126946582.00
3  ,2000, 1,  126381146.00
4o0,2000, 2,  116018650.00
4o2,2000, 2,   32895038.00
4o0,2000, 4,   58558860.00
4o2,2000, 4,   17056274.00
4o0,2000, 8,   29670090.00
4o2,2000, 8,    8955296.00
4o0,2000,16,   15368772.00
4o2,2000,16,    5303334.00
4o0,2000,32,    9883864.00
4o2,2000,32,    4812280.00
4o0,2000,64,    7815134.00
4o2,2000,64,    5058146.00
1o0,3000, 1,  801255110.00
1o2,3000, 1,  135599768.00
1o3,3000, 1,   49249376.00
2  ,3000, 1,  288958596.00
3  ,3000, 1,  288935934.00
4o0,3000, 2,  263629076.00
4o2,3000, 2,   83530844.00
4o0,3000, 4,  132467740.00
4o2,3000, 4,   28758348.00
4o0,3000, 8,   63122598.00
4o2,3000, 8,   15966052.00
4o0,3000,16,   32723778.00
4o2,3000,16,   10875908.00
4o0,3000,32,   17978224.00
4o2,3000,32,    5856218.00
4o0,3000,64,   12869478.00
4o2,3000,64,    7753554.00
1o0,3500, 1, 1073647668.00
1o2,3500, 1,  180964012.00
1o3,3500, 1,   63336376.00
2  ,3500, 1,  346742268.00
3  ,3500, 1,  347587354.00
4o0,3500, 2,  333154274.00
4o2,3500, 2,   76534970.00
4o0,3500, 4,  167528094.00
4o2,3500, 4,   39709916.00
4o0,3500, 8,   85219214.00
4o2,3500, 8,   21898490.00
4o0,3500,16,   44610630.00
4o2,3500,16,   13152568.00
4o0,3500,32,   23683264.00
4o2,3500,32,    7789990.00
4o0,3500,64,   15754388.00
4o2,3500,64,    8185036.00
1o0, 500, 1,   21732942.00
1o2, 500, 1,    3665594.00
1o3, 500, 1,    1235172.00
2  , 500, 1,    7710718.00
3  , 500, 1,    7781738.00
4o0, 500, 2,    7806242.00
4o2, 500, 2,    2062304.00
4o0, 500, 4,    4074276.00
4o2, 500, 4,    1182848.00
4o0, 500, 8,    2641174.00
4o2, 500, 8,     887488.00
4o0, 500,16,    1642238.00
4o2, 500,16,    1030798.00
4o0, 500,32,    1874426.00
4o2, 500,32,    1601160.00
4o0, 500,64,    3257184.00
4o2, 500,64,    3218516.00
1o0, 750, 1,   50017362.00
1o2, 750, 1,    8643552.00
1o3, 750, 1,    2958514.00
2  , 750, 1,   16331574.00
3  , 750, 1,   16290438.00
4o0, 750, 2,   15900524.00
4o2, 750, 2,    3457562.00
4o0, 750, 4,    8345872.00
4o2, 750, 4,    2350816.00
4o0, 750, 8,    4573920.00
4o2, 750, 8,    1699472.00
4o0, 750,16,    2935518.00
4o2, 750,16,    1526450.00
4o0, 750,32,    3036066.00
4o2, 750,32,    2103344.00
4o0, 750,64,    4208432.00
4o2, 750,64,  155514820.00
1o0,1000, 1,   91927224.00
1o2,1000, 1,   15138468.00
1o3,1000, 1,    4944462.00
2  ,1000, 1,   28661938.00
3  ,1000, 1,   28480318.00
4o0,1000, 2,   27654514.00
4o2,1000, 2,    6286402.00
4o0,1000, 4,   14126670.00
4o2,1000, 4,    3652928.00
4o0,1000, 8,    7578670.00
4o2,1000, 8,    2319260.00
4o0,1000,16,    4807256.00
4o2,1000,16,    2124414.00
4o0,1000,32,    3724886.00
4o2,1000,32,    2075664.00
4o0,1000,64,    4697448.00
4o2,1000,64,    3937638.00
1o0,1500, 1,  205151096.00
1o2,1500, 1,   34086498.00
1o3,1500, 1,   11683792.00
2  ,1500, 1,   63554406.00
3  ,1500, 1,   62985564.00
4o0,1500, 2,   60640240.00
4o2,1500, 2,   13788034.00
4o0,1500, 4,   30989580.00
4o2,1500, 4,    7610972.00
4o0,1500, 8,   16246192.00
4o2,1500, 8,    4762350.00
4o0,1500,16,    8977224.00
4o2,1500,16,    2812188.00
4o0,1500,32,    5777144.00
4o2,1500,32,    2732708.00
4o0,1500,64,    5888116.00
4o2,1500,64,    4871948.00
1o0,2000, 1,  365646114.00
1o2,2000, 1,   61611108.00
1o3,2000, 1,   21529626.00
2  ,2000, 1,  113383680.00
3  ,2000, 1,  113566386.00
4o0,2000, 2,  109597576.00
4o2,2000, 2,   25175836.00
4o0,2000, 4,   55358542.00
4o2,2000, 4,   13419066.00
4o0,2000, 8,   28137158.00
4o2,2000, 8,    7305272.00
4o0,2000,16,   15588386.00
4o2,2000,16,    3896066.00
4o0,2000,32,    9078788.00
4o2,2000,32,    4460360.00
4o0,2000,64,    7605898.00
4o2,2000,64,   14358740.00
1o0,3000, 1,  803459738.00
1o2,3000, 1,  137118232.00
1o3,3000, 1,   48942130.00
2  ,3000, 1,  255810294.00
3  ,3000, 1,  256816974.00
4o0,3000, 2,  244789934.00
4o2,3000, 2,   57242526.00
4o0,3000, 4,  132760264.00
4o2,3000, 4,   29507506.00
4o0,3000, 8,   63294522.00
4o2,3000, 8,   15607982.00
4o0,3000,16,   32894126.00
4o2,3000,16,    9890952.00
4o0,3000,32,   18003616.00
4o2,3000,32,    6096928.00
4o0,3000,64,   12764294.00
4o2,3000,64,    6937790.00
1o0,3500, 1, 1074172516.00
1o2,3500, 1,  181189408.00
1o3,3500, 1,   63487614.00
2  ,3500, 1,  346073028.00
3  ,3500, 1,  348410340.00
4o0,3500, 2,  332696996.00
4o2,3500, 2,   77508522.00
4o0,3500, 4,  167833464.00
4o2,3500, 4,   39416250.00
4o0,3500, 8,   85513576.00
4o2,3500, 8,   21523586.00
4o0,3500,16,   43862480.00
4o2,3500,16,   13299610.00
4o0,3500,32,   23869262.00
4o2,3500,32,    7423394.00
4o0,3500,64,   15127488.00
4o2,3500,64,    7657040.00
1o0, 500, 1,   21812230.00
1o2, 500, 1,    3659680.00
1o3, 500, 1,    1249530.00
2  , 500, 1,    7707600.00
3  , 500, 1,    7793262.00
4o0, 500, 2,    7784942.00
4o2, 500, 2,    2059320.00
4o0, 500, 4,    4089120.00
4o2, 500, 4,    1288440.00
4o0, 500, 8,    2305216.00
4o2, 500, 8,     912810.00
4o0, 500,16,    1637610.00
4o2, 500,16,     996604.00
4o0, 500,32,    1882524.00
4o2, 500,32,    1549390.00
4o0, 500,64,    3313572.00
4o2, 500,64,    3800598.00
1o0, 750, 1,   49963878.00
1o2, 750, 1,    8543768.00
1o3, 750, 1,    2967528.00
2  , 750, 1,   16357430.00
3  , 750, 1,   16267176.00
4o0, 750, 2,   15353896.00
4o2, 750, 2,    4258486.00
4o0, 750, 4,    7945652.00
4o2, 750, 4,    2564542.00
4o0, 750, 8,    4475326.00
4o2, 750, 8,    1489504.00
4o0, 750,16,    3047604.00
4o2, 750,16,    1409650.00
4o0, 750,32,    2803622.00
4o2, 750,32,    1929430.00
4o0, 750,64,    4038018.00
4o2, 750,64,    3540802.00
1o0,1000, 1,   91400576.00
1o2,1000, 1,   15069944.00
1o3,1000, 1,    4952670.00
2  ,1000, 1,   28622654.00
3  ,1000, 1,   29372824.00
4o0,1000, 2,   29079526.00
4o2,1000, 2,    6420192.00
4o0,1000, 4,   16451498.00
4o2,1000, 4,    4324466.00
4o0,1000, 8,    7574128.00
4o2,1000, 8,    2469842.00
4o0,1000,16,    4721366.00
4o2,1000,16,    2017652.00
4o0,1000,32,    3781422.00
4o2,1000,32,    2298266.00
4o0,1000,64,    4724108.00
4o2,1000,64,    3869420.00
1o0,1500, 1,  205827792.00
1o2,1500, 1,   34637136.00
1o3,1500, 1,   11690168.00
2  ,1500, 1,   63526576.00
3  ,1500, 1,   63282512.00
4o0,1500, 2,   61119750.00
4o2,1500, 2,   13814286.00
4o0,1500, 4,   30607958.00
4o2,1500, 4,    7064874.00
4o0,1500, 8,   15813616.00
4o2,1500, 8,    3888958.00
4o0,1500,16,    8998152.00
4o2,1500,16,    3072830.00
4o0,1500,32,    5841254.00
4o2,1500,32,    2795036.00
4o0,1500,64,    6033590.00
4o2,1500,64,    4746552.00
1o0,2000, 1,  365411544.00
1o2,2000, 1,   61077240.00
1o3,2000, 1,   21570014.00
2  ,2000, 1,  114483852.00
3  ,2000, 1,  112464382.00
4o0,2000, 2,  109437660.00
4o2,2000, 2,   25200656.00
4o0,2000, 4,   54816256.00
4o2,2000, 4,   13169614.00
4o0,2000, 8,   28325740.00
4o2,2000, 8,    7596902.00
4o0,2000,16,   14528240.00
4o2,2000,16,    4107244.00
4o0,2000,32,    9054520.00
4o2,2000,32,    3649342.00
4o0,2000,64,    7912278.00
4o2,2000,64,    5914402.00
1o0,3000, 1,  811351940.00
1o2,3000, 1,  136991440.00
1o3,3000, 1,   48764430.00
2  ,3000, 1,  255832210.00
3  ,3000, 1,  256911630.00
4o0,3000, 2,  246210844.00
4o2,3000, 2,   56705030.00
4o0,3000, 4,  123480046.00
4o2,3000, 4,   29161584.00
4o0,3000, 8,   62448322.00
4o2,3000, 8,   15977066.00
4o0,3000,16,   33045914.00
4o2,3000,16,   10350790.00
4o0,3000,32,   17797446.00
4o2,3000,32,    6480578.00
4o0,3000,64,   12966214.00
4o2,3000,64,    7611502.00
1o0,3500, 1, 1073384986.00
1o2,3500, 1,  181157672.00
1o3,3500, 1,   63510960.00
2  ,3500, 1,  346703416.00
3  ,3500, 1,  346945646.00
4o0,3500, 2,  333116760.00
4o2,3500, 2,   77662420.00
4o0,3500, 4,  167605522.00
4o2,3500, 4,   39497584.00
4o0,3500, 8,   85305130.00
4o2,3500, 8,   21407622.00
4o0,3500,16,   43576714.00
4o2,3500,16,   13709662.00
4o0,3500,32,   23691154.00
4o2,3500,32,    7422700.00
4o0,3500,64,  170481324.00
4o2,3500,64,    8149312.00
1o0, 500, 1,   21806012.00
1o2, 500, 1,    3666104.00
1o3, 500, 1,    1234794.00
2  , 500, 1,    7726210.00
3  , 500, 1,    7759700.00
4o0, 500, 2,    7783632.00
4o2, 500, 2,    2047170.00
4o0, 500, 4,    4074598.00
4o2, 500, 4,    1235878.00
4o0, 500, 8,    2331492.00
4o2, 500, 8,     869260.00
4o0, 500,16,    2269514.00
4o2, 500,16,    1006634.00
4o0, 500,32,    2269526.00
4o2, 500,32,    1537910.00
4o0, 500,64,    3165566.00
4o2, 500,64,    3528540.00
1o0, 750, 1,   49921686.00
1o2, 750, 1,    8580486.00
1o3, 750, 1,    2949906.00
2  , 750, 1,   16390174.00
3  , 750, 1,   16249892.00
4o0, 750, 2,   15898256.00
4o2, 750, 2,    4048552.00
4o0, 750, 4,    8167866.00
4o2, 750, 4,    2496514.00
4o0, 750, 8,    4498264.00
4o2, 750, 8,    1526994.00
4o0, 750,16,    2874516.00
4o2, 750,16,    1340790.00
4o0, 750,32,    2824218.00
4o2, 750,32,    1939462.00
4o0, 750,64,    4184480.00
4o2, 750,64,    3895534.00
1o0,1000, 1,   92017654.00
1o2,1000, 1,   15101738.00
1o3,1000, 1,    4942714.00
2  ,1000, 1,   28503748.00
3  ,1000, 1,   28376050.00
4o0,1000, 2,   27310916.00
4o2,1000, 2,    6950304.00
4o0,1000, 4,   13955530.00
4o2,1000, 4,    3532146.00
4o0,1000, 8,    7434470.00
4o2,1000, 8,    2415244.00
4o0,1000,16,    4715278.00
4o2,1000,16,    2097880.00
4o0,1000,32,    3438304.00
4o2,1000,32,    2298332.00
4o0,1000,64,    4723338.00
4o2,1000,64,    3840264.00
1o0,1500, 1,  207750846.00
1o2,1500, 1,   34424370.00
1o3,1500, 1,   11652402.00
2  ,1500, 1,   64404240.00
3  ,1500, 1,   62928010.00
4o0,1500, 2,   60540798.00
4o2,1500, 2,   14261294.00
4o0,1500, 4,   30676772.00
4o2,1500, 4,    7173038.00
4o0,1500, 8,   16508186.00
4o2,1500, 8,    3851202.00
4o0,1500,16,    9260798.00
4o2,1500,16,    2843554.00
4o0,1500,32,    5877328.00
4o2,1500,32,    2716602.00
4o0,1500,64,    5857068.00
4o2,1500,64,    4237802.00
1o0,2000, 1,  361271042.00
1o2,2000, 1,   66438946.00
1o3,2000, 1,   21589442.00
2  ,2000, 1,  114465316.00
3  ,2000, 1,  113436106.00
4o0,2000, 2,  108848436.00
4o2,2000, 2,   25213428.00
4o0,2000, 4,   55038970.00
4o2,2000, 4,   12819066.00
4o0,2000, 8,   28593948.00
4o2,2000, 8,    6814036.00
4o0,2000,16,   14424642.00
4o2,2000,16,    5010262.00
4o0,2000,32,    8819528.00
4o2,2000,32,    4016554.00
4o0,2000,64,    7391138.00
4o2,2000,64,    4998434.00
1o0,3000, 1,  813772662.00
1o2,3000, 1,  137342580.00
1o3,3000, 1,   48750372.00
2  ,3000, 1,  256010320.00
3  ,3000, 1,  254773250.00
4o0,3000, 2,  245511790.00
4o2,3000, 2,   56378608.00
4o0,3000, 4,  123716422.00
4o2,3000, 4,   29523454.00
4o0,3000, 8,   62445210.00
4o2,3000, 8,   16484238.00
4o0,3000,16,   33118532.00
4o2,3000,16,   10157100.00
4o0,3000,32,   18303354.00
4o2,3000,32,    5899290.00
4o0,3000,64,   12313864.00
4o2,3000,64,   71271946.00
1o0,3500, 1, 1073396570.00
1o2,3500, 1,  180861308.00
1o3,3500, 1,   63469268.00
2  ,3500, 1,  347874460.00
3  ,3500, 1,  347131044.00
4o0,3500, 2,  333406730.00
4o2,3500, 2,   77328918.00
4o0,3500, 4,  167446752.00
4o2,3500, 4,   40075108.00
4o0,3500, 8,   85262826.00
4o2,3500, 8,   20962598.00
4o0,3500,16,   45032050.00
4o2,3500,16,   13129104.00
4o0,3500,32,   24002502.00
4o2,3500,32,    8073356.00
4o0,3500,64,   15583126.00
4o2,3500,64,    7205368.00
1o0, 500, 1,   21778110.00
1o2, 500, 1,    3659308.00
1o3, 500, 1,    1240272.00
2  , 500, 1,    7738358.00
3  , 500, 1,    7778618.00
4o0, 500, 2,    7797160.00
4o2, 500, 2,    2066646.00
4o0, 500, 4,    4096760.00
4o2, 500, 4,    1292134.00
4o0, 500, 8,    2308840.00
4o2, 500, 8,     935036.00
4o0, 500,16,    1657602.00
4o2, 500,16,    1006996.00
4o0, 500,32,    1923676.00
4o2, 500,32,    1611052.00
4o0, 500,64,    3270322.00
4o2, 500,64,    3796638.00
1o0, 750, 1,   50092278.00
1o2, 750, 1,    8609992.00
1o3, 750, 1,    2958882.00
2  , 750, 1,   16341732.00
3  , 750, 1,   15529050.00
4o0, 750, 2,   15613380.00
4o2, 750, 2,    4319386.00
4o0, 750, 4,    8305872.00
4o2, 750, 4,    2369052.00
4o0, 750, 8,    4568766.00
4o2, 750, 8,    1626386.00
4o0, 750,16,    3236684.00
4o2, 750,16,    1431112.00
4o0, 750,32,    2763622.00
4o2, 750,32,    1996976.00
4o0, 750,64,    4253454.00
4o2, 750,64,    3817904.00
1o0,1000, 1,   91108330.00
1o2,1000, 1,   15065696.00
1o3,1000, 1,    4933822.00
2  ,1000, 1,   28706424.00
3  ,1000, 1,   28253062.00
4o0,1000, 2,   27333020.00
4o2,1000, 2,    6841454.00
4o0,1000, 4,   14580680.00
4o2,1000, 4,    3749534.00
4o0,1000, 8,    7546150.00
4o2,1000, 8,    2559040.00
4o0,1000,16,    4756796.00
4o2,1000,16,    1843344.00
4o0,1000,32,    3529138.00
4o2,1000,32,    2364374.00
4o0,1000,64,    4441654.00
4o2,1000,64,    4044608.00
1o0,1500, 1,  207559616.00
1o2,1500, 1,   34572830.00
1o3,1500, 1,   11661978.00
2  ,1500, 1,   64370998.00
3  ,1500, 1,   63162074.00
4o0,1500, 2,   60400984.00
4o2,1500, 2,   13464544.00
4o0,1500, 4,   30978074.00
4o2,1500, 4,    6937970.00
4o0,1500, 8,   15885394.00
4o2,1500, 8,    3948258.00
4o0,1500,16,    8882748.00
4o2,1500,16,    3146002.00
4o0,1500,32,    6150240.00
4o2,1500,32,    2862876.00
4o0,1500,64,    6034158.00
4o2,1500,64,    4611780.00
1o0,2000, 1,  364400732.00
1o2,2000, 1,   61497992.00
1o3,2000, 1,   21558684.00
2  ,2000, 1,  113298894.00
3  ,2000, 1,  113632992.00
4o0,2000, 2,  109459106.00
4o2,2000, 2,   25034318.00
4o0,2000, 4,   55281612.00
4o2,2000, 4,   13033064.00
4o0,2000, 8,   28179316.00
4o2,2000, 8,    7440730.00
4o0,2000,16,   14559954.00
4o2,2000,16,    4005412.00
4o0,2000,32,    8977148.00
4o2,2000,32,    3572748.00
4o0,2000,64,    7699538.00
4o2,2000,64,    5884088.00
1o0,3000, 1,  810499126.00
1o2,3000, 1,  136417622.00
1o3,3000, 1,   48707788.00
2  ,3000, 1,  255602316.00
3  ,3000, 1,  256919310.00
4o0,3000, 2,  245341378.00
4o2,3000, 2,   56330618.00
4o0,3000, 4,  123829008.00
4o2,3000, 4,   29698644.00
4o0,3000, 8,   62393612.00
4o2,3000, 8,   15641514.00
4o0,3000,16,   32570216.00
4o2,3000,16,   10791578.00
4o0,3000,32,   17898488.00
4o2,3000,32,    6382572.00
4o0,3000,64,   12549534.00
4o2,3000,64,    6952036.00
1o0,3500, 1, 1072759072.00
1o2,3500, 1,  181449856.00
1o3,3500, 1,   63501986.00
2  ,3500, 1,  346452266.00
3  ,3500, 1,  347262646.00
4o0,3500, 2,  332770458.00
4o2,3500, 2,   77288216.00
4o0,3500, 4,  167944710.00
4o2,3500, 4,   40007312.00
4o0,3500, 8,   85302160.00
4o2,3500, 8,   21673062.00
4o0,3500,16,   43765164.00
4o2,3500,16,   14141084.00
4o0,3500,32,   23890224.00
4o2,3500,32,    7357944.00
4o0,3500,64,   15491178.00
4o2,3500,64,    8184000.00
1o0, 500, 1,   21746472.00
1o2, 500, 1,    3669680.00
1o3, 500, 1,    1252506.00
2  , 500, 1,    7732058.00
3  , 500, 1,    7773384.00
4o0, 500, 2,    7828470.00
4o2, 500, 2,    2057432.00
4o0, 500, 4,    4052736.00
4o2, 500, 4,    1226176.00
4o0, 500, 8,    2305516.00
4o2, 500, 8,    1218178.00
4o0, 500,16,    1641372.00
4o2, 500,16,     954856.00
4o0, 500,32,    1914600.00
4o2, 500,32,    1653836.00
4o0, 500,64,    3409488.00
4o2, 500,64,    3035648.00
1o0, 750, 1,   49963538.00
1o2, 750, 1,    8639458.00
1o3, 750, 1,    2965896.00
2  , 750, 1,   16344846.00
3  , 750, 1,   16334258.00
4o0, 750, 2,   15818350.00
4o2, 750, 2,    4159860.00
4o0, 750, 4,    8160420.00
4o2, 750, 4,    2413654.00
4o0, 750, 8,    4531852.00
4o2, 750, 8,    1888054.00
4o0, 750,16,    2994528.00
4o2, 750,16,    1385230.00
4o0, 750,32,    2739236.00
4o2, 750,32,    2210152.00
4o0, 750,64,    4079884.00
4o2, 750,64,    4125222.00
1o0,1000, 1,   92000748.00
1o2,1000, 1,   15111392.00
1o3,1000, 1,    4953016.00
2  ,1000, 1,   28530064.00
3  ,1000, 1,   28356350.00
4o0,1000, 2,   27403078.00
4o2,1000, 2,    6878472.00
4o0,1000, 4,   14709016.00
4o2,1000, 4,    4016408.00
4o0,1000, 8,    7475650.00
4o2,1000, 8,    2533418.00
4o0,1000,16,    4552384.00
4o2,1000,16,    2140186.00
4o0,1000,32,    3920912.00
4o2,1000,32,    2418776.00
4o0,1000,64,    4681228.00
4o2,1000,64,    4414718.00
1o0,1500, 1,  205731828.00
1o2,1500, 1,   33847616.00
1o3,1500, 1,   11684366.00
2  ,1500, 1,   63687410.00
3  ,1500, 1,   64018324.00
4o0,1500, 2,   60723136.00
4o2,1500, 2,   13909966.00
4o0,1500, 4,   30272172.00
4o2,1500, 4,    6941734.00
4o0,1500, 8,   15513996.00
4o2,1500, 8,    4585512.00
4o0,1500,16,    9002968.00
4o2,1500,16,    3151234.00
4o0,1500,32,    5817776.00
4o2,1500,32,    2641158.00
4o0,1500,64,    6003032.00
4o2,1500,64,    4374544.00
1o0,2000, 1,  363331604.00
1o2,2000, 1,   61478630.00
1o3,2000, 1,   21555292.00
2  ,2000, 1,  113212880.00
3  ,2000, 1,  114334786.00
4o0,2000, 2,  109055746.00
4o2,2000, 2,   25558126.00
4o0,2000, 4,   55373828.00
4o2,2000, 4,   13345520.00
4o0,2000, 8,   27621642.00
4o2,2000, 8,    7245016.00
4o0,2000,16,   14557722.00
4o2,2000,16,    3954254.00
4o0,2000,32,   34558126.00
4o2,2000,32,    3617856.00
4o0,2000,64,    7843858.00
4o2,2000,64,    5444096.00
1o0,3000, 1,  805498934.00
1o2,3000, 1,  135901886.00
1o3,3000, 1,   48800882.00
2  ,3000, 1,  255715466.00
3  ,3000, 1,  256577336.00
4o0,3000, 2,  245844128.00
4o2,3000, 2,   56836626.00
4o0,3000, 4,  123207630.00
4o2,3000, 4,   29498364.00
4o0,3000, 8,   62997172.00
4o2,3000, 8,   16159784.00
4o0,3000,16,   33185372.00
4o2,3000,16,   10485356.00
4o0,3000,32,   18151112.00
4o2,3000,32,    5777562.00
4o0,3000,64,   12459806.00
4o2,3000,64,    7537224.00
1o0,3500, 1, 1075467562.00
1o2,3500, 1,  181249930.00
1o3,3500, 1,   63403678.00
2  ,3500, 1,  346126494.00
3  ,3500, 1,  347367932.00
4o0,3500, 2,  334339888.00
4o2,3500, 2,   77102224.00
4o0,3500, 4,  167245462.00
4o2,3500, 4,   40007374.00
4o0,3500, 8,   84544562.00
4o2,3500, 8,   21053874.00
4o0,3500,16,   44055546.00
4o2,3500,16,   13220066.00
4o0,3500,32,   23890002.00
4o2,3500,32,    7809424.00
4o0,3500,64,   15844560.00
4o2,3500,64,    8633398.00
1o0, 500, 1,   21745954.00
1o2, 500, 1,    3667814.00
1o3, 500, 1,    1237376.00
2  , 500, 1,    7739098.00
3  , 500, 1,    7786750.00
4o0, 500, 2,    7806698.00
4o2, 500, 2,    2077292.00
4o0, 500, 4,    4055552.00
4o2, 500, 4,    1193498.00
4o0, 500, 8,    2306290.00
4o2, 500, 8,     871266.00
4o0, 500,16,    1655756.00
4o2, 500,16,    1404758.00
4o0, 500,32,    2089940.00
4o2, 500,32,    1669228.00
4o0, 500,64,    3339986.00
4o2, 500,64,    3166216.00
1o0, 750, 1,   50087478.00
1o2, 750, 1,    8523246.00
1o3, 750, 1,    2950670.00
2  , 750, 1,   15617472.00
3  , 750, 1,   16356488.00
4o0, 750, 2,   15545270.00
4o2, 750, 2,    4044060.00
4o0, 750, 4,    8105258.00
4o2, 750, 4,    2075336.00
4o0, 750, 8,    4527380.00
4o2, 750, 8,    1563902.00
4o0, 750,16,    3169856.00
4o2, 750,16,    1383814.00
4o0, 750,32,    2599144.00
4o2, 750,32,    1910134.00
4o0, 750,64,    4227754.00
4o2, 750,64,    3731348.00
1o0,1000, 1,   91422628.00
1o2,1000, 1,   15141042.00
1o3,1000, 1,    4941556.00
2  ,1000, 1,   28554648.00
3  ,1000, 1,   28368272.00
4o0,1000, 2,   27227610.00
4o2,1000, 2,    6486450.00
4o0,1000, 4,   14136800.00
4o2,1000, 4,    4376216.00
4o0,1000, 8,    7621588.00
4o2,1000, 8,    2495476.00
4o0,1000,16,    4808380.00
4o2,1000,16,    1906830.00
4o0,1000,32,    3677746.00
4o2,1000,32,    2492770.00
4o0,1000,64,    4763578.00
4o2,1000,64,    3792654.00
1o0,1500, 1,  207686038.00
1o2,1500, 1,   34620532.00
1o3,1500, 1,   11671912.00
2  ,1500, 1,   64345754.00
3  ,1500, 1,   63927668.00
4o0,1500, 2,   60800878.00
4o2,1500, 2,   14364770.00
4o0,1500, 4,   30831830.00
4o2,1500, 4,    7231130.00
4o0,1500, 8,   15943286.00
4o2,1500, 8,    4079100.00
4o0,1500,16,    9542182.00
4o2,1500,16,    3501840.00
4o0,1500,32,    5772400.00
4o2,1500,32,    2953874.00
4o0,1500,64,    5680208.00
4o2,1500,64,    4583716.00
1o0,2000, 1,  365452826.00
1o2,2000, 1,   60977768.00
1o3,2000, 1,   21556050.00
2  ,2000, 1,  114205524.00
3  ,2000, 1,  112395044.00
4o0,2000, 2,  108588234.00
4o2,2000, 2,   25246660.00
4o0,2000, 4,   54824158.00
4o2,2000, 4,   13318494.00
4o0,2000, 8,   28711262.00
4o2,2000, 8,    7618166.00
4o0,2000,16,   15584240.00
4o2,2000,16,    4638550.00
4o0,2000,32,    8844714.00
4o2,2000,32,    3979546.00
4o0,2000,64,    7706702.00
4o2,2000,64,    5148124.00
1o0,3000, 1,  809313372.00
1o2,3000, 1,  137295336.00
1o3,3000, 1,   48754324.00
2  ,3000, 1,  255864092.00
3  ,3000, 1,  255699904.00
4o0,3000, 2,  245744444.00
4o2,3000, 2,   57429976.00
4o0,3000, 4,  123468122.00
4o2,3000, 4,   28594886.00
4o0,3000, 8,   62853616.00
4o2,3000, 8,   15764906.00
4o0,3000,16,   33207880.00
4o2,3000,16,   10290470.00
4o0,3000,32,   18303896.00
4o2,3000,32,    5912852.00
4o0,3000,64,   12303814.00
4o2,3000,64,    8019808.00
1o0,3500, 1, 1072543838.00
1o2,3500, 1,  181310396.00
1o3,3500, 1,   63472758.00
2  ,3500, 1,  346196486.00
3  ,3500, 1,  347517606.00
4o0,3500, 2,  333455238.00
4o2,3500, 2,   77097936.00
4o0,3500, 4,  167588182.00
4o2,3500, 4,   39889510.00
4o0,3500, 8,   85257676.00
4o2,3500, 8,   21599952.00
4o0,3500,16,   45054882.00
4o2,3500,16,   14361232.00
4o0,3500,32,   24160520.00
4o2,3500,32,   78231912.00
4o0,3500,64,   15876842.00
4o2,3500,64,    8130662.00
1o0, 500, 1,   21804792.00
1o2, 500, 1,    3671016.00
1o3, 500, 1,    1255656.00
2  , 500, 1,    7722982.00
3  , 500, 1,    7770326.00
4o0, 500, 2,    7799044.00
4o2, 500, 2,    2095086.00
4o0, 500, 4,    4106340.00
4o2, 500, 4,    1184152.00
4o0, 500, 8,    2299596.00
4o2, 500, 8,     856132.00
4o0, 500,16,    1659696.00
4o2, 500,16,    1020642.00
4o0, 500,32,    1882330.00
4o2, 500,32,    1647786.00
4o0, 500,64,    3522758.00
4o2, 500,64,    3753926.00
1o0, 750, 1,   49954768.00
1o2, 750, 1,    8631990.00
1o3, 750, 1,    2965952.00
2  , 750, 1,   16400208.00
3  , 750, 1,   16374104.00
4o0, 750, 2,   15281298.00
4o2, 750, 2,    4248400.00
4o0, 750, 4,    8225772.00
4o2, 750, 4,    2354076.00
4o0, 750, 8,    4705308.00
4o2, 750, 8,    1697766.00
4o0, 750,16,    2979658.00
4o2, 750,16,    1477950.00
4o0, 750,32,    2842478.00
4o2, 750,32,    1922418.00
4o0, 750,64,    3890818.00
4o2, 750,64,    3732040.00
1o0,1000, 1,   92045226.00
1o2,1000, 1,   15131738.00
1o3,1000, 1,    4942234.00
2  ,1000, 1,   28538172.00
3  ,1000, 1,   28385402.00
4o0,1000, 2,   27322954.00
4o2,1000, 2,    6993088.00
4o0,1000, 4,   14164208.00
4o2,1000, 4,    4107022.00
4o0,1000, 8,    7602606.00
4o2,1000, 8,    2316874.00
4o0,1000,16,    4702346.00
4o2,1000,16,    1975912.00
4o0,1000,32,    3865594.00
4o2,1000,32,    2229976.00
4o0,1000,64,    4913742.00
4o2,1000,64,    3819726.00
1o0,1500, 1,  202046360.00
1o2,1500, 1,   34438230.00
1o3,1500, 1,   11665472.00
2  ,1500, 1,   63529204.00
3  ,1500, 1,   63205942.00
4o0,1500, 2,   60696352.00
4o2,1500, 2,   14227610.00
4o0,1500, 4,   30619108.00
4o2,1500, 4,    7902376.00
4o0,1500, 8,   15656166.00
4o2,1500, 8,    5021462.00
4o0,1500,16,    8868316.00
4o2,1500,16,    3017132.00
4o0,1500,32,    5902456.00
4o2,1500,32,    3403724.00
4o0,1500,64,    6380096.00
4o2,1500,64,    4565626.00
1o0,2000, 1,  361754474.00
1o2,2000, 1,   61241026.00
1o3,2000, 1,   21619664.00
2  ,2000, 1,  114506922.00
3  ,2000, 1,  114026104.00
4o0,2000, 2,  109438036.00
4o2,2000, 2,   25161092.00
4o0,2000, 4,   55222082.00
4o2,2000, 4,   13325662.00
4o0,2000, 8,   28237940.00
4o2,2000, 8,    7669750.00
4o0,2000,16,   15151866.00
4o2,2000,16,    4902680.00
4o0,2000,32,    8838692.00
4o2,2000,32,    3849258.00
4o0,2000,64,    7535190.00
4o2,2000,64,    5338068.00
1o0,3000, 1,  802540560.00
1o2,3000, 1,  135668954.00
1o3,3000, 1,   48755012.00
2  ,3000, 1,  256059140.00
3  ,3000, 1,  256601476.00
4o0,3000, 2,  245664518.00
4o2,3000, 2,   57639664.00
4o0,3000, 4,  123769634.00
4o2,3000, 4,   29551222.00
4o0,3000, 8,   62569248.00
4o2,3000, 8,   15707010.00
4o0,3000,16,   32785606.00
4o2,3000,16,    9575744.00
4o0,3000,32,   18147752.00
4o2,3000,32,    6352916.00
4o0,3000,64,   12281944.00
4o2,3000,64,    6908146.00
1o0,3500, 1, 1072393972.00
1o2,3500, 1,  181362160.00
1o3,3500, 1,   63463018.00
2  ,3500, 1,  346328634.00
3  ,3500, 1,  349352100.00
4o0,3500, 2,  333898010.00
4o2,3500, 2,   77158394.00
4o0,3500, 4,  167854498.00
4o2,3500, 4,   39858958.00
4o0,3500, 8,   85483490.00
4o2,3500, 8,   21110816.00
4o0,3500,16,   44652762.00
4o2,3500,16,   13479268.00
4o0,3500,32,   23967038.00
4o2,3500,32,    7660134.00
4o0,3500,64,   15767238.00
4o2,3500,64,    8166308.00
1o0, 500, 1,   21783702.00
1o2, 500, 1,    3676402.00
1o3, 500, 1,    1237460.00
2  , 500, 1,    7762370.00
3  , 500, 1,    7779138.00
4o0, 500, 2,    7789714.00
4o2, 500, 2,    2083738.00
4o0, 500, 4,    4087562.00
4o2, 500, 4,    1179904.00
4o0, 500, 8,    3523420.00
4o2, 500, 8,     881634.00
4o0, 500,16,    1649070.00
4o2, 500,16,     992642.00
4o0, 500,32,    2206542.00
4o2, 500,32,    1626348.00
4o0, 500,64,    3457344.00
4o2, 500,64,    3297820.00
1o0, 750, 1,   49932488.00
1o2, 750, 1,    8656864.00
1o3, 750, 1,    2969576.00
2  , 750, 1,   16442984.00
3  , 750, 1,   16377912.00
4o0, 750, 2,   15694392.00
4o2, 750, 2,    3887354.00
4o0, 750, 4,    8130802.00
4o2, 750, 4,    2385864.00
4o0, 750, 8,    4647214.00
4o2, 750, 8,    1696626.00
4o0, 750,16,    3266580.00
4o2, 750,16,    1422386.00
4o0, 750,32,    2758054.00
4o2, 750,32,    1875236.00
4o0, 750,64,    4285096.00
4o2, 750,64,    3635682.00
1o0,1000, 1,   92115822.00
1o2,1000, 1,   14981144.00
1o3,1000, 1,    4933764.00
2  ,1000, 1,   28551732.00
3  ,1000, 1,   28339512.00
4o0,1000, 2,   27699498.00
4o2,1000, 2,    6608534.00
4o0,1000, 4,   14570982.00
4o2,1000, 4,    3941262.00
4o0,1000, 8,    7720242.00
4o2,1000, 8,    2278558.00
4o0,1000,16,    4888834.00
4o2,1000,16,    1944362.00
4o0,1000,32,    3837690.00
4o2,1000,32,    2239666.00
4o0,1000,64,    4638858.00
4o2,1000,64,    3915770.00
1o0,1500, 1,  204087882.00
1o2,1500, 1,   34640506.00
1o3,1500, 1,   11681308.00
2  ,1500, 1,   63503060.00
3  ,1500, 1,   64025502.00
4o0,1500, 2,   60991048.00
4o2,1500, 2,   14358388.00
4o0,1500, 4,   31004904.00
4o2,1500, 4,    7097690.00
4o0,1500, 8,   16362714.00
4o2,1500, 8,    3881718.00
4o0,1500,16,    8921698.00
4o2,1500,16,    3167964.00
4o0,1500,32,    5912870.00
4o2,1500,32,    2905334.00
4o0,1500,64,    6275644.00
4o2,1500,64,    4305064.00
1o0,2000, 1,  364497076.00
1o2,2000, 1,   61470734.00
1o3,2000, 1,   21567642.00
2  ,2000, 1,  114065242.00
3  ,2000, 1,  113178692.00
4o0,2000, 2,  109475440.00
4o2,2000, 2,   24572248.00
4o0,2000, 4,   55217846.00
4o2,2000, 4,   13121848.00
4o0,2000, 8,   27590206.00
4o2,2000, 8,    6590232.00
4o0,2000,16,   15388934.00
4o2,2000,16,    5171394.00
4o0,2000,32,    8732392.00
4o2,2000,32,    3552210.00
4o0,2000,64,    7620770.00
4o2,2000,64,    5317342.00
1o0,3000, 1,  805679294.00
1o2,3000, 1,  135803328.00
1o3,3000, 1,   48969526.00
2  ,3000, 1,  255720560.00
3  ,3000, 1,  256060492.00
4o0,3000, 2,  245711384.00
4o2,3000, 2,   56982868.00
4o0,3000, 4,  123805682.00
4o2,3000, 4,   28705404.00
4o0,3000, 8,   62627606.00
4o2,3000, 8,   16400962.00
4o0,3000,16,   33312304.00
4o2,3000,16,   10890160.00
4o0,3000,32,   17901354.00
4o2,3000,32,    6000046.00
4o0,3000,64,   12511876.00
4o2,3000,64,    7335982.00
1o0,3500, 1, 1106306886.00
1o2,3500, 1,  181044936.00
1o3,3500, 1,   63437438.00
2  ,3500, 1,  346488244.00
3  ,3500, 1,  347361620.00
4o0,3500, 2,  332979162.00
4o2,3500, 2,   76816120.00
4o0,3500, 4,  167427780.00
4o2,3500, 4,   39829298.00
4o0,3500, 8,   84692704.00
4o2,3500, 8,   21256522.00
4o0,3500,16,   43688450.00
4o2,3500,16,   14248588.00
4o0,3500,32,   24304642.00
4o2,3500,32,    7955046.00
4o0,3500,64,   15926200.00
4o2,3500,64,    8649076.00
1o0, 500, 1,   21748280.00
1o2, 500, 1,    3677232.00
1o3, 500, 1,    1231460.00
2  , 500, 1,    7724424.00
3  , 500, 1,    7783868.00
4o0, 500, 2,    7800500.00
4o2, 500, 2,    2059244.00
4o0, 500, 4,    4045418.00
4o2, 500, 4,    1240588.00
4o0, 500, 8,    2329778.00
4o2, 500, 8,     894456.00
4o0, 500,16,    1643880.00
4o2, 500,16,    1027118.00
4o0, 500,32,    1889582.00
4o2, 500,32,    1620936.00
4o0, 500,64,    3449160.00
4o2, 500,64,    3951290.00
1o0, 750, 1,   49949896.00
1o2, 750, 1,    8591948.00
1o3, 750, 1,    2964088.00
2  , 750, 1,   16371688.00
3  , 750, 1,   16373562.00
4o0, 750, 2,   15820976.00
4o2, 750, 2,    4011202.00
4o0, 750, 4,    8103040.00
4o2, 750, 4,    2371802.00
4o0, 750, 8,    4631446.00
4o2, 750, 8,    1652182.00
4o0, 750,16,    3007768.00
4o2, 750,16,    1374144.00
4o0, 750,32,    2638850.00
4o2, 750,32,    1791798.00
4o0, 750,64,   68802844.00
4o2, 750,64,    3849348.00
1o0,1000, 1,   91915622.00
1o2,1000, 1,   15085224.00
1o3,1000, 1,    4958242.00
2  ,1000, 1,   28529590.00
3  ,1000, 1,   28222308.00
4o0,1000, 2,   27548398.00
4o2,1000, 2,    6906430.00
4o0,1000, 4,   14576256.00
4o2,1000, 4,    4643978.00
4o0,1000, 8,    7983506.00
4o2,1000, 8,    2377254.00
4o0,1000,16,    4383454.00
4o2,1000,16,    2309782.00
4o0,1000,32,    4184074.00
4o2,1000,32,    2597030.00
4o0,1000,64,    4919566.00
4o2,1000,64,    4004342.00
1o0,1500, 1,  207791892.00
1o2,1500, 1,   34552296.00
1o3,1500, 1,   11670452.00
2  ,1500, 1,   64475840.00
3  ,1500, 1,   63203546.00
4o0,1500, 2,   61401804.00
4o2,1500, 2,   13710860.00
4o0,1500, 4,   31371516.00
4o2,1500, 4,    7621720.00
4o0,1500, 8,   15784054.00
4o2,1500, 8,    3996988.00
4o0,1500,16,    8987750.00
4o2,1500,16,    2982654.00
4o0,1500,32,    5792614.00
4o2,1500,32,    3238608.00
4o0,1500,64,    6098490.00
4o2,1500,64,    4408680.00
1o0,2000, 1,  365285266.00
1o2,2000, 1,   61222532.00
1o3,2000, 1,   21570122.00
2  ,2000, 1,  113348760.00
3  ,2000, 1,  114128442.00
4o0,2000, 2,  109495934.00
4o2,2000, 2,   24737226.00
4o0,2000, 4,   55211560.00
4o2,2000, 4,   12568700.00
4o0,2000, 8,   27567340.00
4o2,2000, 8,    7228862.00
4o0,2000,16,   15206508.00
4o2,2000,16,    4473996.00
4o0,2000,32,    9152746.00
4o2,2000,32,    3513190.00
4o0,2000,64,    7684656.00
4o2,2000,64,    5264800.00
1o0,3000, 1,  811043838.00
1o2,3000, 1,  137322052.00
1o3,3000, 1,   48963198.00
2  ,3000, 1,  254369044.00
3  ,3000, 1,  256550820.00
4o0,3000, 2,  244879736.00
4o2,3000, 2,   57256774.00
4o0,3000, 4,  123355224.00
4o2,3000, 4,   29705862.00
4o0,3000, 8,   62711106.00
4o2,3000, 8,   15811430.00
4o0,3000,16,   33075094.00
4o2,3000,16,    9975874.00
4o0,3000,32,   18315450.00
4o2,3000,32,    5494526.00
4o0,3000,64,   12486060.00
4o2,3000,64,    7464744.00
1o0,3500, 1, 1083328142.00
1o2,3500, 1,  181040412.00
1o3,3500, 1,   63398006.00
2  ,3500, 1,  346144928.00
3  ,3500, 1,  348924456.00
4o0,3500, 2,  332837612.00
4o2,3500, 2,   76998440.00
4o0,3500, 4,  167427362.00
4o2,3500, 4,   39698226.00
4o0,3500, 8,   84504460.00
4o2,3500, 8,   21180990.00
4o0,3500,16,   43636028.00
4o2,3500,16,   14070862.00
4o0,3500,32,   23835484.00
4o2,3500,32,    7594942.00
4o0,3500,64,   15973652.00
4o2,3500,64,    8138890.00
1o0, 500, 1,   22188316.00
1o2, 500, 1,    3677818.00
1o3, 500, 1,    1232076.00
2  , 500, 1,    7725242.00
3  , 500, 1,    7737924.00
4o0, 500, 2,    7812416.00
4o2, 500, 2,    2088790.00
4o0, 500, 4,    4083060.00
4o2, 500, 4,    1225784.00
4o0, 500, 8,    2297050.00
4o2, 500, 8,     887046.00
4o0, 500,16,    2252184.00
4o2, 500,16,    1389090.00
4o0, 500,32,    1898554.00
4o2, 500,32,    1669970.00
4o0, 500,64,    3512880.00
4o2, 500,64,    3222152.00
1o0, 750, 1,   50294338.00
1o2, 750, 1,    8653284.00
1o3, 750, 1,    2965102.00
2  , 750, 1,   16351806.00
3  , 750, 1,   16327040.00
4o0, 750, 2,   15754434.00
4o2, 750, 2,    3433558.00
4o0, 750, 4,    8197198.00
4o2, 750, 4,    2352172.00
4o0, 750, 8,    4654634.00
4o2, 750, 8,    1470796.00
4o0, 750,16,    3141392.00
4o2, 750,16,    2144640.00
4o0, 750,32,    3041278.00
4o2, 750,32,    2136646.00
4o0, 750,64,    4346366.00
4o2, 750,64,    3694556.00
1o0,1000, 1,   91776744.00
1o2,1000, 1,   15137002.00
1o3,1000, 1,    4940628.00
2  ,1000, 1,   28661592.00
3  ,1000, 1,   28333590.00
4o0,1000, 2,   27561124.00
4o2,1000, 2,    6581150.00
4o0,1000, 4,   14292940.00
4o2,1000, 4,    4102028.00
4o0,1000, 8,    7541474.00
4o2,1000, 8,    2264558.00
4o0,1000,16,    4668392.00
4o2,1000,16,    1986666.00
4o0,1000,32,    3577532.00
4o2,1000,32,    2307184.00
4o0,1000,64,    4702056.00
4o2,1000,64,    3672350.00
1o0,1500, 1,  205455930.00
1o2,1500, 1,   34610950.00
1o3,1500, 1,   11685518.00
2  ,1500, 1,   64419738.00
3  ,1500, 1,   63913686.00
4o0,1500, 2,   61111802.00
4o2,1500, 2,   13641992.00
4o0,1500, 4,   31082662.00
4o2,1500, 4,    7015608.00
4o0,1500, 8,   15669616.00
4o2,1500, 8,    4591260.00
4o0,1500,16,    8863580.00
4o2,1500,16,    3544194.00
4o0,1500,32,    5812388.00
4o2,1500,32,    2617788.00
4o0,1500,64,    5597456.00
4o2,1500,64,    4723710.00
1o0,2000, 1,  365553904.00
1o2,2000, 1,   60960830.00
1o3,2000, 1,   21623334.00
2  ,2000, 1,  114257406.00
3  ,2000, 1,  113145172.00
4o0,2000, 2,  109202220.00
4o2,2000, 2,   25446450.00
4o0,2000, 4,  278647548.00
4o2,2000, 4,   13000560.00
4o0,2000, 8,   27851794.00
4o2,2000, 8,    6534994.00
4o0,2000,16,   15104810.00
4o2,2000,16,    4923092.00
4o0,2000,32,    8811670.00
4o2,2000,32,    3425856.00
4o0,2000,64,    7659186.00
4o2,2000,64,    5513284.00
1o0,3000, 1,  810680150.00
1o2,3000, 1,  137069596.00
1o3,3000, 1,   48878566.00
2  ,3000, 1,  255688934.00
3  ,3000, 1,  257561730.00
4o0,3000, 2,  245500844.00
4o2,3000, 2,   56887818.00
4o0,3000, 4,  123064708.00
4o2,3000, 4,   29499488.00
4o0,3000, 8,   62921242.00
4o2,3000, 8,   16189974.00
4o0,3000,16,   33376262.00
4o2,3000,16,    9854426.00
4o0,3000,32,   18150768.00
4o2,3000,32,    6316206.00
4o0,3000,64,   12594744.00
4o2,3000,64,    6730126.00
1o0,3500, 1, 1083054696.00
1o2,3500, 1,  180869466.00
1o3,3500, 1,   63480298.00
2  ,3500, 1,  347890974.00
3  ,3500, 1,  346876654.00
4o0,3500, 2,  333708740.00
4o2,3500, 2,   77327468.00
4o0,3500, 4,  180368384.00
4o2,3500, 4,   53514614.00
4o0,3500, 8,   84630814.00
4o2,3500, 8,   22245226.00
4o0,3500,16,   43702794.00
4o2,3500,16,   13394798.00
4o0,3500,32,   23568694.00
4o2,3500,32,    8202930.00
4o0,3500,64,   15777744.00
4o2,3500,64,    8254228.00
1o0, 500, 1,   21811084.00
1o2, 500, 1,    3690966.00
1o3, 500, 1,    1243662.00
2  , 500, 1,    7725314.00
3  , 500, 1,    7761828.00
4o0, 500, 2,    7826046.00
4o2, 500, 2,    2075334.00
4o0, 500, 4,    4066488.00
4o2, 500, 4,    1221520.00
4o0, 500, 8,    2301970.00
4o2, 500, 8,     928896.00
4o0, 500,16,    1631948.00
4o2, 500,16,     980078.00
4o0, 500,32,    1916794.00
4o2, 500,32,    1618076.00
4o0, 500,64,    3495070.00
4o2, 500,64,    3396400.00
1o0, 750, 1,   49992966.00
1o2, 750, 1,    8583012.00
1o3, 750, 1,    2965356.00
2  , 750, 1,   16369456.00
3  , 750, 1,   16293678.00
4o0, 750, 2,   15688962.00
4o2, 750, 2,    3492276.00
4o0, 750, 4,    8020642.00
4o2, 750, 4,    2371140.00
4o0, 750, 8,    4550266.00
4o2, 750, 8,    1589746.00
4o0, 750,16,    2825822.00
4o2, 750,16,    1306886.00
4o0, 750,32,    3178552.00
4o2, 750,32,    1917274.00
4o0, 750,64,    4663730.00
4o2, 750,64,    3436734.00
1o0,1000, 1,   92054156.00
1o2,1000, 1,   15181504.00
1o3,1000, 1,    4936280.00
2  ,1000, 1,   28694834.00
3  ,1000, 1,   28277256.00
4o0,1000, 2,   27603788.00
4o2,1000, 2,    6313504.00
4o0,1000, 4,   14164104.00
4o2,1000, 4,    3541616.00
4o0,1000, 8,    7810758.00
4o2,1000, 8,    2334422.00
4o0,1000,16,    4921208.00
4o2,1000,16,    2024548.00
4o0,1000,32,    3931288.00
4o2,1000,32,    2991530.00
4o0,1000,64,    4903324.00
4o2,1000,64,    4072798.00
1o0,1500, 1,  204237632.00
1o2,1500, 1,   34561226.00
1o3,1500, 1,   11675484.00
2  ,1500, 1,   64413624.00
3  ,1500, 1,   63051802.00
4o0,1500, 2,   60443396.00
4o2,1500, 2,   13585388.00
4o0,1500, 4,   31334216.00
4o2,1500, 4,    7829816.00
4o0,1500, 8,   16292504.00
4o2,1500, 8,    4531178.00
4o0,1500,16,    8811238.00
4o2,1500,16,    2962446.00
4o0,1500,32,    6025060.00
4o2,1500,32,    3223804.00
4o0,1500,64,    5604122.00
4o2,1500,64,    4237288.00
1o0,2000, 1,  363086634.00
1o2,2000, 1,   61685732.00
1o3,2000, 1,   21583816.00
2  ,2000, 1,  113289938.00
3  ,2000, 1,  113976284.00
4o0,2000, 2,  108882358.00
4o2,2000, 2,   25632688.00
4o0,2000, 4,   55296396.00
4o2,2000, 4,   13555360.00
4o0,2000, 8,   28328404.00
4o2,2000, 8,    6648014.00
4o0,2000,16,   14368754.00
4o2,2000,16,    4802182.00
4o0,2000,32,    8932994.00
4o2,2000,32,    3845514.00
4o0,2000,64,    7304712.00
4o2,2000,64,    5016886.00
1o0,3000, 1,  800959308.00
1o2,3000, 1,  136634366.00
1o3,3000, 1,   48799904.00
2  ,3000, 1,  254629412.00
3  ,3000, 1,  254840852.00
4o0,3000, 2,  244840812.00
4o2,3000, 2,   56909260.00
4o0,3000, 4,  123733010.00
4o2,3000, 4,   29010266.00
4o0,3000, 8,   62945566.00
4o2,3000, 8,   16221706.00
4o0,3000,16,   32812146.00
4o2,3000,16,   10344860.00
4o0,3000,32,   17934472.00
4o2,3000,32,    5964450.00
4o0,3000,64,   12628210.00
4o2,3000,64,    7183100.00
1o0,3500, 1, 1079668838.00
1o2,3500, 1,  180966804.00
1o3,3500, 1,   63488336.00
2  ,3500, 1,  346667598.00
3  ,3500, 1,  347261464.00
4o0,3500, 2,  333887170.00
4o2,3500, 2,   77601426.00
4o0,3500, 4,  167342190.00
4o2,3500, 4,   39157552.00
4o0,3500, 8,   84721618.00
4o2,3500, 8,   21297052.00
4o0,3500,16,   44875952.00
4o2,3500,16,   13522474.00
4o0,3500,32,   23498076.00
4o2,3500,32,    7645688.00
4o0,3500,64,   15738892.00
4o2,3500,64,    8210220.00
1o0, 500, 1,   21822046.00
1o2, 500, 1,    3667426.00
1o3, 500, 1,    1251308.00
2  , 500, 1,    7736978.00
3  , 500, 1,    7778678.00
4o0, 500, 2,    7799864.00
4o2, 500, 2,    2066348.00
4o0, 500, 4,    4088776.00
4o2, 500, 4,    1187320.00
4o0, 500, 8,    2299974.00
4o2, 500, 8,     895380.00
4o0, 500,16,    1682244.00
4o2, 500,16,    1017600.00
4o0, 500,32,   85877382.00
4o2, 500,32,    1675614.00
4o0, 500,64,    3620932.00
4o2, 500,64,   51722332.00
1o0, 750, 1,   51018104.00
1o2, 750, 1,    8563982.00
1o3, 750, 1,    2971156.00
2  , 750, 1,   16412874.00
3  , 750, 1,   16353192.00
4o0, 750, 2,   15531984.00
4o2, 750, 2,    4199048.00
4o0, 750, 4,    8177134.00
4o2, 750, 4,    2412772.00
4o0, 750, 8,    4659846.00
4o2, 750, 8,    1506508.00
4o0, 750,16,    3324604.00
4o2, 750,16,    1975214.00
4o0, 750,32,    2867566.00
4o2, 750,32,    2029012.00
4o0, 750,64,    4678238.00
4o2, 750,64,    3669236.00
1o0,1000, 1,   91644424.00
1o2,1000, 1,   15349874.00
1o3,1000, 1,    4940644.00
2  ,1000, 1,   28565428.00
3  ,1000, 1,   28371946.00
4o0,1000, 2,   27277288.00
4o2,1000, 2,    6441686.00
4o0,1000, 4,   13968550.00
4o2,1000, 4,    4189954.00
4o0,1000, 8,    7531078.00
4o2,1000, 8,    2409382.00
4o0,1000,16,    4797972.00
4o2,1000,16,    1988460.00
4o0,1000,32,    3553938.00
4o2,1000,32,    2419050.00
4o0,1000,64,    4768902.00
4o2,1000,64,    3901420.00
1o0,1500, 1,  206756298.00
1o2,1500, 1,   34558812.00
1o3,1500, 1,   11863712.00
2  ,1500, 1,   63595812.00
3  ,1500, 1,   63563418.00
4o0,1500, 2,   61589646.00
4o2,1500, 2,   14536380.00
4o0,1500, 4,   30741686.00
4o2,1500, 4,    8237040.00
4o0,1500, 8,   15624166.00
4o2,1500, 8,    4019890.00
4o0,1500,16,    9164368.00
4o2,1500,16,    3194716.00
4o0,1500,32,    5846576.00
4o2,1500,32,    2673992.00
4o0,1500,64,   73943744.00
4o2,1500,64,   68944958.00
1o0,2000, 1,  363562144.00
1o2,2000, 1,   61559552.00
1o3,2000, 1,   21609128.00
2  ,2000, 1,  114463598.00
3  ,2000, 1,  113792300.00
4o0,2000, 2,  109060114.00
4o2,2000, 2,   25146748.00
4o0,2000, 4,   55180664.00
4o2,2000, 4,   13003610.00
4o0,2000, 8,   28784214.00
4o2,2000, 8,    6620458.00
4o0,2000,16,   15296850.00
4o2,2000,16,    4326408.00
4o0,2000,32,    9348070.00
4o2,2000,32,    4027510.00
4o0,2000,64,   75332344.00
4o2,2000,64,   72904466.00
1o0,3000, 1,  802970810.00
1o2,3000, 1,  135646782.00
1o3,3000, 1,   49038194.00
2  ,3000, 1,  256112362.00
3  ,3000, 1,  254638842.00
4o0,3000, 2,  244894644.00
4o2,3000, 2,   57538512.00
4o0,3000, 4,  123497802.00
4o2,3000, 4,   29518132.00
4o0,3000, 8,   62419370.00
4o2,3000, 8,   15866090.00
4o0,3000,16,   32855892.00
4o2,3000,16,   10330602.00
4o0,3000,32,   18001172.00
4o2,3000,32,    6220654.00
4o0,3000,64,   79451542.00
4o2,3000,64,   72759968.00
1o0,3500, 1, 1073118846.00
1o2,3500, 1,  181300978.00
1o3,3500, 1,   63432084.00
2  ,3500, 1,  347190620.00
3  ,3500, 1,  346218688.00
4o0,3500, 2,  333670916.00
4o2,3500, 2,   77097034.00
4o0,3500, 4,  167645104.00
4o2,3500, 4,   39545144.00
4o0,3500, 8,   86254000.00
4o2,3500, 8,   20418498.00
4o0,3500,16,   43443890.00
4o2,3500,16,   13724354.00
4o0,3500,32,   23647464.00
4o2,3500,32,    7596582.00
4o0,3500,64,   15672342.00
4o2,3500,64,    7961794.00
1o0, 500, 1,   21761688.00
1o2, 500, 1,    3681956.00
1o3, 500, 1,    1242192.00
2  , 500, 1,    7757058.00
3  , 500, 1,    7802374.00
4o0, 500, 2,    7808824.00
4o2, 500, 2,    2079690.00
4o0, 500, 4,    4103158.00
4o2, 500, 4,    1209114.00
4o0, 500, 8,    2293474.00
4o2, 500, 8,     856598.00
4o0, 500,16,    1670766.00
4o2, 500,16,    1059488.00
4o0, 500,32,    1834388.00
4o2, 500,32,    1587232.00
4o0, 500,64,    3500472.00
4o2, 500,64,    3190656.00
1o0, 750, 1,   49963528.00
1o2, 750, 1,    8579984.00
1o3, 750, 1,    2971640.00
2  , 750, 1,   16410702.00
3  , 750, 1,   16314864.00
4o0, 750, 2,   15881312.00
4o2, 750, 2,    4196230.00
4o0, 750, 4,    8369530.00
4o2, 750, 4,    2553600.00
4o0, 750, 8,    4688500.00
4o2, 750, 8,    1712218.00
4o0, 750,16,    2912604.00
4o2, 750,16,    1616678.00
4o0, 750,32,    2914040.00
4o2, 750,32,    1961350.00
4o0, 750,64,    4497038.00
4o2, 750,64,    3412094.00
1o0,1000, 1,   92050012.00
1o2,1000, 1,   15055574.00
1o3,1000, 1,    4957784.00
2  ,1000, 1,   28674312.00
3  ,1000, 1,   28285272.00
4o0,1000, 2,   27620010.00
4o2,1000, 2,    6729150.00
4o0,1000, 4,   14349440.00
4o2,1000, 4,    3518492.00
4o0,1000, 8,    7824124.00
4o2,1000, 8,    2342750.00
4o0,1000,16,    4986024.00
4o2,1000,16,    2022602.00
4o0,1000,32,    3503070.00
4o2,1000,32,    2106298.00
4o0,1000,64,    4717254.00
4o2,1000,64,    4031002.00
1o0,1500, 1,  205783736.00
1o2,1500, 1,   34615750.00
1o3,1500, 1,   11660388.00
2  ,1500, 1,   64237334.00
3  ,1500, 1,   63246890.00
4o0,1500, 2,   60603332.00
4o2,1500, 2,   14071260.00
4o0,1500, 4,   30482076.00
4o2,1500, 4,    7051494.00
4o0,1500, 8,   15650736.00
4o2,1500, 8,    4573096.00
4o0,1500,16,    8980178.00
4o2,1500,16,    2911188.00
4o0,1500,32,    6138730.00
4o2,1500,32,    2828676.00
4o0,1500,64,    5656756.00
4o2,1500,64,    4541310.00
1o0,2000, 1,  362993806.00
1o2,2000, 1,   61187080.00
1o3,2000, 1,   21589674.00
2  ,2000, 1,  114493288.00
3  ,2000, 1,  112984340.00
4o0,2000, 2,  109764394.00
4o2,2000, 2,   25463752.00
4o0,2000, 4,   55074996.00
4o2,2000, 4,   13036328.00
4o0,2000, 8,   27813236.00
4o2,2000, 8,    7353368.00
4o0,2000,16,   15613584.00
4o2,2000,16,    4789866.00
4o0,2000,32,    9059408.00
4o2,2000,32,    3459034.00
4o0,2000,64,    7665962.00
4o2,2000,64,    5323314.00
1o0,3000, 1,  805866690.00
1o2,3000, 1,  135695814.00
1o3,3000, 1,   48886384.00
2  ,3000, 1,  255729952.00
3  ,3000, 1,  256321712.00
4o0,3000, 2,  264464956.00
4o2,3000, 2,   56893980.00
4o0,3000, 4,  123498172.00
4o2,3000, 4,   29463012.00
4o0,3000, 8,   62555624.00
4o2,3000, 8,   15653514.00
4o0,3000,16,   32700658.00
4o2,3000,16,   10297572.00
4o0,3000,32,   18033904.00
4o2,3000,32,    5702124.00
4o0,3000,64,   12921236.00
4o2,3000,64,    7315836.00
1o0,3500, 1, 1073514266.00
1o2,3500, 1,  180966540.00
1o3,3500, 1,   63565238.00
2  ,3500, 1,  345866000.00
3  ,3500, 1,  347545726.00
4o0,3500, 2,  332862956.00
4o2,3500, 2,   76831962.00
4o0,3500, 4,  168631410.00
4o2,3500, 4,   39874346.00
4o0,3500, 8,   84637414.00
4o2,3500, 8,   22321360.00
4o0,3500,16,   43610128.00
4o2,3500,16,   13669226.00
4o0,3500,32,   23604940.00
4o2,3500,32,    7925440.00
4o0,3500,64,   15692836.00
4o2,3500,64,    8255524.00
1o0, 500, 1,   21774566.00
1o2, 500, 1,    3719616.00
1o3, 500, 1,    1245738.00
2  , 500, 1,    7739574.00
3  , 500, 1,    7777402.00
4o0, 500, 2,    7808870.00
4o2, 500, 2,    2062438.00
4o0, 500, 4,    4075076.00
4o2, 500, 4,    1190084.00
4o0, 500, 8,    2302872.00
4o2, 500, 8,     884622.00
4o0, 500,16,    3470214.00
4o2, 500,16,     974016.00
4o0, 500,32,    2139454.00
4o2, 500,32,    1567890.00
4o0, 500,64,    3980504.00
4o2, 500,64,    3387972.00
1o0, 750, 1,   49989854.00
1o2, 750, 1,    8632912.00
1o3, 750, 1,    2972478.00
2  , 750, 1,   16489712.00
3  , 750, 1,   16413134.00
4o0, 750, 2,   15400466.00
4o2, 750, 2,    3942098.00
4o0, 750, 4,   10175782.00
4o2, 750, 4,    2623286.00
4o0, 750, 8,    4532078.00
4o2, 750, 8,    1632324.00
4o0, 750,16,    2858382.00
4o2, 750,16,    1456530.00
4o0, 750,32,    2995312.00
4o2, 750,32,    2814046.00
4o0, 750,64,    4375090.00
4o2, 750,64,   73185308.00
1o0,1000, 1,   92010344.00
1o2,1000, 1,   15096438.00
1o3,1000, 1,    4945264.00
2  ,1000, 1,   28562030.00
3  ,1000, 1,   28793542.00
4o0,1000, 2,   27898536.00
4o2,1000, 2,    6703052.00
4o0,1000, 4,   14214102.00
4o2,1000, 4,    3624646.00
4o0,1000, 8,    7725866.00
4o2,1000, 8,    2325550.00
4o0,1000,16,    4522784.00
4o2,1000,16,    2052046.00
4o0,1000,32,    3982868.00
4o2,1000,32,    2429984.00
4o0,1000,64,    5147474.00
4o2,1000,64,    3985530.00
1o0,1500, 1,  202890154.00
1o2,1500, 1,   34613224.00
1o3,1500, 1,   11711292.00
2  ,1500, 1,   64478900.00
3  ,1500, 1,   64058436.00
4o0,1500, 2,   65892226.00
4o2,1500, 2,   14375428.00
4o0,1500, 4,   32313120.00
4o2,1500, 4,    7859878.00
4o0,1500, 8,   15873954.00
4o2,1500, 8,    4308082.00
4o0,1500,16,    8796852.00
4o2,1500,16,    3528562.00
4o0,1500,32,    5679728.00
4o2,1500,32,    3036820.00
4o0,1500,64,    5765310.00
4o2,1500,64,    4374302.00
1o0,2000, 1,  365513122.00
1o2,2000, 1,   61247344.00
1o3,2000, 1,   21641558.00
2  ,2000, 1,  114293898.00
3  ,2000, 1,  113736348.00
4o0,2000, 2,  109383880.00
4o2,2000, 2,   25557790.00
4o0,2000, 4,   55236062.00
4o2,2000, 4,   12746404.00
4o0,2000, 8,   28912872.00
4o2,2000, 8,    6707046.00
4o0,2000,16,   15488378.00
4o2,2000,16,    4125726.00
4o0,2000,32,    9406956.00
4o2,2000,32,    3560912.00
4o0,2000,64,    7773966.00
4o2,2000,64,    5036776.00
1o0,3000, 1,  801237544.00
1o2,3000, 1,  135639964.00
1o3,3000, 1,   49305682.00
2  ,3000, 1,  255960770.00
3  ,3000, 1,  256253448.00
4o0,3000, 2,  245347914.00
4o2,3000, 2,   57345702.00
4o0,3000, 4,  123815692.00
4o2,3000, 4,   29414724.00
4o0,3000, 8,   62933818.00
4o2,3000, 8,   16401026.00
4o0,3000,16,   32679330.00
4o2,3000,16,    9694766.00
4o0,3000,32,   18550494.00
4o2,3000,32,    5903654.00
4o0,3000,64,   12618728.00
4o2,3000,64,    7277232.00
1o0,3500, 1, 1074772636.00
1o2,3500, 1,  180801830.00
1o3,3500, 1,   63402116.00
2  ,3500, 1,  347923520.00
3  ,3500, 1,  347880022.00
4o0,3500, 2,  333723026.00
4o2,3500, 2,   77012036.00
4o0,3500, 4,  167212396.00
4o2,3500, 4,   39697020.00
4o0,3500, 8,   85203644.00
4o2,3500, 8,   21419100.00
4o0,3500,16,   43967538.00
4o2,3500,16,   13629592.00
4o0,3500,32,   23599186.00
4o2,3500,32,    7737428.00
4o0,3500,64,   15963902.00
4o2,3500,64,    8475322.00
1o0, 500, 1,   21763450.00
1o2, 500, 1,    3678556.00
1o3, 500, 1,    1234042.00
2  , 500, 1,    7718708.00
3  , 500, 1,    7759576.00
4o0, 500, 2,    7812238.00
4o2, 500, 2,    2094212.00
4o0, 500, 4,    4059888.00
4o2, 500, 4,    1251210.00
4o0, 500, 8,    2315418.00
4o2, 500, 8,     893782.00
4o0, 500,16,    2252378.00
4o2, 500,16,    1049890.00
4o0, 500,32,    1871172.00
4o2, 500,32,    1666492.00
4o0, 500,64,    3158868.00
4o2, 500,64,    3925212.00
1o0, 750, 1,   50363316.00
1o2, 750, 1,    8580830.00
1o3, 750, 1,    2972186.00
2  , 750, 1,   16430538.00
3  , 750, 1,   16365294.00
4o0, 750, 2,   15867780.00
4o2, 750, 2,    4030228.00
4o0, 750, 4,    8115962.00
4o2, 750, 4,    2369076.00
4o0, 750, 8,    4496368.00
4o2, 750, 8,    1603804.00
4o0, 750,16,    3511518.00
4o2, 750,16,    2167800.00
4o0, 750,32,    2871318.00
4o2, 750,32,    2188910.00
4o0, 750,64,    4300400.00
4o2, 750,64,    4057826.00
1o0,1000, 1,   92053284.00
1o2,1000, 1,   15031818.00
1o3,1000, 1,    4956000.00
2  ,1000, 1,   28785922.00
3  ,1000, 1,   29216502.00
4o0,1000, 2,   27333716.00
4o2,1000, 2,    6912300.00
4o0,1000, 4,   14477124.00
4o2,1000, 4,    4227378.00
4o0,1000, 8,    7513676.00
4o2,1000, 8,    2292204.00
4o0,1000,16,    4748062.00
4o2,1000,16,    2145812.00
4o0,1000,32,    4335484.00
4o2,1000,32,    2323124.00
4o0,1000,64,    4395328.00
4o2,1000,64,    3864336.00
1o0,1500, 1,  207289848.00
1o2,1500, 1,   34044800.00
1o3,1500, 1,   11679184.00
2  ,1500, 1,   63530170.00
3  ,1500, 1,   63145996.00
4o0,1500, 2,   60436758.00
4o2,1500, 2,   13395532.00
4o0,1500, 4,   31149806.00
4o2,1500, 4,    7903760.00
4o0,1500, 8,   15908514.00
4o2,1500, 8,    4723730.00
4o0,1500,16,    9405060.00
4o2,1500,16,    2873486.00
4o0,1500,32,    6100416.00
4o2,1500,32,    2884150.00
4o0,1500,64,    5863812.00
4o2,1500,64,    4560172.00
1o0,2000, 1,  363497166.00
1o2,2000, 1,   61117368.00
1o3,2000, 1,   21499986.00
2  ,2000, 1,  114384748.00
3  ,2000, 1,  114269814.00
4o0,2000, 2,  109258510.00
4o2,2000, 2,   24677540.00
4o0,2000, 4,   55078402.00
4o2,2000, 4,   13421548.00
4o0,2000, 8,   28730848.00
4o2,2000, 8,    7427462.00
4o0,2000,16,   15647640.00
4o2,2000,16,    5019424.00
4o0,2000,32,    8764696.00
4o2,2000,32,    3649396.00
4o0,2000,64,    7576532.00
4o2,2000,64,    4953332.00
1o0,3000, 1,  801310372.00
1o2,3000, 1,  135847290.00
1o3,3000, 1,   48766826.00
2  ,3000, 1,  254404490.00
3  ,3000, 1,  255578922.00
4o0,3000, 2,  244813858.00
4o2,3000, 2,   57508096.00
4o0,3000, 4,  155443592.00
4o2,3000, 4,   29463580.00
4o0,3000, 8,   62465920.00
4o2,3000, 8,   15845670.00
4o0,3000,16,   32966912.00
4o2,3000,16,   10532954.00
4o0,3000,32,   18445544.00
4o2,3000,32,    6240808.00
4o0,3000,64,   12781344.00
4o2,3000,64,    7264452.00
1o0,3500, 1, 1078056268.00
1o2,3500, 1,  180962020.00
1o3,3500, 1,   63423004.00
2  ,3500, 1,  346228476.00
3  ,3500, 1,  348020432.00
4o0,3500, 2,  332755984.00
4o2,3500, 2,   77200624.00
4o0,3500, 4,  167645800.00
4o2,3500, 4,   39856774.00
4o0,3500, 8,   84460846.00
4o2,3500, 8,   21984514.00
4o0,3500,16,   44418000.00
4o2,3500,16,   14157142.00
4o0,3500,32,   24101972.00
4o2,3500,32,    7794934.00
4o0,3500,64,   15099936.00
4o2,3500,64,    8235004.00

