Id,N,C,Clocks
1o0, 500,  1,   21705898.00
2_1, 500,  1,   13592774.00
2_2, 500,  1,   24592914.00
2_3, 500,  1,   23730506.00
2_4, 500,  1,   11613350.00
2_5, 500,  1,   24571258.00
2  , 500,  1,    7709734.00
1o0, 750,  1,   49748242.00
2_1, 750,  1,   30014858.00
2_2, 750,  1,   55914072.00
2_3, 750,  1,   53774604.00
2_4, 750,  1,   25352352.00
2_5, 750,  1,   54050398.00
2  , 750,  1,   16300010.00
1o0,1000,  1,   91444344.00
2_1,1000,  1,   52509766.00
2_2,1000,  1,   96703656.00
2_3,1000,  1,   93303708.00
2_4,1000,  1,   45035320.00
2_5,1000,  1,   97061304.00
2  ,1000,  1,   28419160.00
1o0,1500,  1,  207352264.00
2_1,1500,  1,  118163694.00
2_2,1500,  1,  217792558.00
2_3,1500,  1,  209795602.00
2_4,1500,  1,   98801084.00
2_5,1500,  1,  222259116.00
2  ,1500,  1,   63212346.00
1o0,2000,  1,  361103060.00
2_1,2000,  1,  212168672.00
2_2,2000,  1,  389778168.00
2_3,2000,  1,  373896960.00
2_4,2000,  1,  175739386.00
2_5,2000,  1,  390071842.00
2  ,2000,  1,  114240240.00
1o0,3000,  1,  800604598.00
2_1,3000,  1,  478870756.00
2_2,3000,  1,  872336412.00
2_3,3000,  1,  840669606.00
2_4,3000,  1,  401247844.00
2_5,3000,  1,  875800618.00
2  ,3000,  1,  255748070.00
1o0,3500,  1, 1073412742.00
2_1,3500,  1,  648881256.00
2_2,3500,  1, 1185522330.00
2_3,3500,  1, 1142269928.00
2_4,3500,  1,  537348960.00
2_5,3500,  1, 1193786790.00
2  ,3500,  1,  347698024.00
1o0, 500,  1,   21746168.00
2_1, 500,  1,   13874194.00
2_2, 500,  1,   24904910.00
2_3, 500,  1,   23861136.00
2_4, 500,  1,   11728212.00
2_5, 500,  1,   24538126.00
2  , 500,  1,    7709912.00
1o0, 750,  1,   49683006.00
2_1, 750,  1,   30046102.00
2_2, 750,  1,   56036058.00
2_3, 750,  1,   53577742.00
2_4, 750,  1,   24462804.00
2_5, 750,  1,   54548940.00
2  , 750,  1,   16330518.00
1o0,1000,  1,   91836920.00
2_1,1000,  1,   52604146.00
2_2,1000,  1,   96653704.00
2_3,1000,  1,   93208768.00
2_4,1000,  1,   43888884.00
2_5,1000,  1,   96639170.00
2  ,1000,  1,   28233170.00
1o0,1500,  1,  206529708.00
2_1,1500,  1,  118218306.00
2_2,1500,  1,  217811458.00
2_3,1500,  1,  210530402.00
2_4,1500,  1,   98847678.00
2_5,1500,  1,  222076106.00
2  ,1500,  1,   63188284.00
1o0,2000,  1,  364260364.00
2_1,2000,  1,  212036526.00
2_2,2000,  1,  388412560.00
2_3,2000,  1,  373690796.00
2_4,2000,  1,  176478288.00
2_5,2000,  1,  389256000.00
2  ,2000,  1,  114205158.00
1o0,3000,  1,  805531496.00
2_1,3000,  1,  478987698.00
2_2,3000,  1,  873892622.00
2_3,3000,  1,  839005264.00
2_4,3000,  1,  401616924.00
2_5,3000,  1,  876018396.00
2  ,3000,  1,  254961908.00
1o0,3500,  1, 1079624478.00
2_1,3500,  1,  649700734.00
2_2,3500,  1, 1188615478.00
2_3,3500,  1, 1142854972.00
2_4,3500,  1,  537444982.00
2_5,3500,  1, 1193313056.00
2  ,3500,  1,  346564582.00
1o0, 500,  1,   21762074.00
2_1, 500,  1,   13818346.00
2_2, 500,  1,   24981576.00
2_3, 500,  1,   23933124.00
2_4, 500,  1,   11754166.00
2_5, 500,  1,   24575488.00
2  , 500,  1,    7773946.00
1o0, 750,  1,   49889762.00
2_1, 750,  1,   30050010.00
2_2, 750,  1,   55977488.00
2_3, 750,  1,   53770318.00
2_4, 750,  1,   25309234.00
2_5, 750,  1,   53955978.00
2  , 750,  1,   16351864.00
1o0,1000,  1,   91513942.00
2_1,1000,  1,   52488714.00
2_2,1000,  1,   97345814.00
2_3,1000,  1,   93266668.00
2_4,1000,  1,   44105980.00
2_5,1000,  1,   97083226.00
2  ,1000,  1,   28299310.00
1o0,1500,  1,  205574992.00
2_1,1500,  1,  118358004.00
2_2,1500,  1,  218056566.00
2_3,1500,  1,  211382588.00
2_4,1500,  1,   98775248.00
2_5,1500,  1,  219393430.00
2  ,1500,  1,   63255346.00
1o0,2000,  1,  364368782.00
2_1,2000,  1,  211133846.00
2_2,2000,  1,  388564726.00
2_3,2000,  1,  374223408.00
2_4,2000,  1,  176845430.00
2_5,2000,  1,  393778360.00
2  ,2000,  1,  114214768.00
1o0,3000,  1,  813733358.00
2_1,3000,  1,  479391918.00
2_2,3000,  1,  872588500.00
2_3,3000,  1,  839331958.00
2_4,3000,  1,  401642474.00
2_5,3000,  1,  875654042.00
2  ,3000,  1,  255066056.00
1o0,3500,  1, 1080055944.00
2_1,3500,  1,  649859972.00
2_2,3500,  1, 1185316504.00
2_3,3500,  1, 1146858654.00
2_4,3500,  1,  537383880.00
2_5,3500,  1, 1193352506.00
2  ,3500,  1,  347498660.00
1o0, 500,  1,   21798732.00
2_1, 500,  1,   13827242.00
2_2, 500,  1,   24881756.00
2_3, 500,  1,   23915198.00
2_4, 500,  1,   11704986.00
2_5, 500,  1,   24544652.00
2  , 500,  1,    7727118.00
1o0, 750,  1,   49932746.00
2_1, 750,  1,   30062620.00
2_2, 750,  1,   55749486.00
2_3, 750,  1,   54004584.00
2_4, 750,  1,   24483118.00
2_5, 750,  1,   54650872.00
2  , 750,  1,   16330926.00
1o0,1000,  1,   91529096.00
2_1,1000,  1,   52503344.00
2_2,1000,  1,   98115494.00
2_3,1000,  1,   93898338.00
2_4,1000,  1,   44022682.00
2_5,1000,  1,   96882630.00
2  ,1000,  1,   28297548.00
1o0,1500,  1,  207347202.00
2_1,1500,  1,  119084738.00
2_2,1500,  1,  220362346.00
2_3,1500,  1,  211041432.00
2_4,1500,  1,   99718888.00
2_5,1500,  1,  221708644.00
2  ,1500,  1,   63255870.00
1o0,2000,  1,  365153228.00
2_1,2000,  1,  211881698.00
2_2,2000,  1,  390591308.00
2_3,2000,  1,  373609064.00
2_4,2000,  1,  176668418.00
2_5,2000,  1,  391715562.00
2  ,2000,  1,  113205060.00
1o0,3000,  1,  802538132.00
2_1,3000,  1,  478773290.00
2_2,3000,  1,  873650860.00
2_3,3000,  1,  841059548.00
2_4,3000,  1,  400947840.00
2_5,3000,  1,  876113686.00
2  ,3000,  1,  256256956.00
1o0,3500,  1, 1073828734.00
2_1,3500,  1,  648852026.00
2_2,3500,  1, 1185029334.00
2_3,3500,  1, 1145672426.00
2_4,3500,  1,  537794528.00
2_5,3500,  1, 1193533484.00
2  ,3500,  1,  347743202.00
1o0, 500,  1,   21820828.00
2_1, 500,  1,   13757234.00
2_2, 500,  1,   24862408.00
2_3, 500,  1,   23831606.00
2_4, 500,  1,   11703370.00
2_5, 500,  1,   24534374.00
2  , 500,  1,    7710350.00
1o0, 750,  1,   50212674.00
2_1, 750,  1,   30131752.00
2_2, 750,  1,   56140278.00
2_3, 750,  1,   53636512.00
2_4, 750,  1,   25325362.00
2_5, 750,  1,   54700546.00
2  , 750,  1,   16314246.00
1o0,1000,  1,   91257402.00
2_1,1000,  1,   52484504.00
2_2,1000,  1,   97433660.00
2_3,1000,  1,   93824478.00
2_4,1000,  1,   43951300.00
2_5,1000,  1,   97042108.00
2  ,1000,  1,   28199212.00
1o0,1500,  1,  207399476.00
2_1,1500,  1,  118227564.00
2_2,1500,  1,  218988168.00
2_3,1500,  1,  210769376.00
2_4,1500,  1,   99731728.00
2_5,1500,  1,  221956474.00
2  ,1500,  1,   64175282.00
1o0,2000,  1,  362941688.00
2_1,2000,  1,  212056858.00
2_2,2000,  1,  391677930.00
2_3,2000,  1,  374006558.00
2_4,2000,  1,  176761028.00
2_5,2000,  1,  392385068.00
2  ,2000,  1,  114211346.00
1o0,3000,  1,  811654080.00
2_1,3000,  1,  478590490.00
2_2,3000,  1,  873240162.00
2_3,3000,  1,  839416248.00
2_4,3000,  1,  401667544.00
2_5,3000,  1,  874937576.00
2  ,3000,  1,  256181808.00
1o0,3500,  1, 1075649366.00
2_1,3500,  1,  649120070.00
2_2,3500,  1, 1184681018.00
2_3,3500,  1, 1141900650.00
2_4,3500,  1,  537593846.00
2_5,3500,  1, 1193393048.00
2  ,3500,  1,  346597650.00
1o0, 500,  1,   21739432.00
2_1, 500,  1,   13896944.00
2_2, 500,  1,   24967236.00
2_3, 500,  1,   23866864.00
2_4, 500,  1,   11738748.00
2_5, 500,  1,   24595702.00
2  , 500,  1,    7729456.00
1o0, 750,  1,   49885092.00
2_1, 750,  1,   30136734.00
2_2, 750,  1,   55946956.00
2_3, 750,  1,   54022640.00
2_4, 750,  1,   25348648.00
2_5, 750,  1,   54572270.00
2  , 750,  1,   16281198.00
1o0,1000,  1,   91218962.00
2_1,1000,  1,   52431508.00
2_2,1000,  1,   97738532.00
2_3,1000,  1,   93126410.00
2_4,1000,  1,   44136588.00
2_5,1000,  1,   95872524.00
2  ,1000,  1,   28301956.00
1o0,1500,  1,  207356012.00
2_1,1500,  1,  119054278.00
2_2,1500,  1,  219297730.00
2_3,1500,  1,  210198640.00
2_4,1500,  1,   99738790.00
2_5,1500,  1,  220861068.00
2  ,1500,  1,   64131056.00
1o0,2000,  1,  364854792.00
2_1,2000,  1,  212146864.00
2_2,2000,  1,  390786304.00
2_3,2000,  1,  374062180.00
2_4,2000,  1,  175718174.00
2_5,2000,  1,  391182636.00
2  ,2000,  1,  114101954.00
1o0,3000,  1,  802122938.00
2_1,3000,  1,  479371078.00
2_2,3000,  1,  871645870.00
2_3,3000,  1,  840081344.00
2_4,3000,  1,  449074736.00
2_5,3000,  1,  875973702.00
2  ,3000,  1,  256114542.00
1o0,3500,  1, 1083731816.00
2_1,3500,  1,  649601402.00
2_2,3500,  1, 1185963304.00
2_3,3500,  1, 1142988062.00
2_4,3500,  1,  537615496.00
2_5,3500,  1, 1193214974.00
2  ,3500,  1,  347583882.00
1o0, 500,  1,   21791628.00
2_1, 500,  1,   13710850.00
2_2, 500,  1,   24848376.00
2_3, 500,  1,   23857296.00
2_4, 500,  1,   11675950.00
2_5, 500,  1,   24550032.00
2  , 500,  1,    7713212.00
1o0, 750,  1,   49932336.00
2_1, 750,  1,   30113930.00
2_2, 750,  1,   55062934.00
2_3, 750,  1,   53781864.00
2_4, 750,  1,   25300042.00
2_5, 750,  1,   54924598.00
2  , 750,  1,   16463406.00
1o0,1000,  1,   91486120.00
2_1,1000,  1,   52368764.00
2_2,1000,  1,   96842986.00
2_3,1000,  1,   93042548.00
2_4,1000,  1,   44259640.00
2_5,1000,  1,   96612306.00
2  ,1000,  1,   28291164.00
1o0,1500,  1,  207348810.00
2_1,1500,  1,  117971326.00
2_2,1500,  1,  219671634.00
2_3,1500,  1,  211980324.00
2_4,1500,  1,   98826728.00
2_5,1500,  1,  220548190.00
2  ,1500,  1,   63311532.00
1o0,2000,  1,  363083494.00
2_1,2000,  1,  210870828.00
2_2,2000,  1,  390240816.00
2_3,2000,  1,  373414974.00
2_4,2000,  1,  176994150.00
2_5,2000,  1,  393571794.00
2  ,2000,  1,  113200966.00
1o0,3000,  1,  802089878.00
2_1,3000,  1,  477806618.00
2_2,3000,  1,  872025914.00
2_3,3000,  1,  840377758.00
2_4,3000,  1,  400436124.00
2_5,3000,  1,  875965774.00
2  ,3000,  1,  255890986.00
1o0,3500,  1, 1074769776.00
2_1,3500,  1,  649396608.00
2_2,3500,  1, 1187554610.00
2_3,3500,  1, 1142648794.00
2_4,3500,  1,  537030034.00
2_5,3500,  1, 1193604658.00
2  ,3500,  1,  346507462.00
1o0, 500,  1,   21805380.00
2_1, 500,  1,   13607348.00
2_2, 500,  1,   24649906.00
2_3, 500,  1,   23777548.00
2_4, 500,  1,   11633262.00
2_5, 500,  1,   24489576.00
2  , 500,  1,    7690942.00
1o0, 750,  1,   49719322.00
2_1, 750,  1,   29915144.00
2_2, 750,  1,   55145300.00
2_3, 750,  1,   54303322.00
2_4, 750,  1,   25479130.00
2_5, 750,  1,   54664196.00
2  , 750,  1,   16326178.00
1o0,1000,  1,   90974152.00
2_1,1000,  1,   52524110.00
2_2,1000,  1,   96730184.00
2_3,1000,  1,   93076406.00
2_4,1000,  1,   44147884.00
2_5,1000,  1,   95853636.00
2  ,1000,  1,   28276198.00
1o0,1500,  1,  207189274.00
2_1,1500,  1,  118983388.00
2_2,1500,  1,  219569974.00
2_3,1500,  1,  210371960.00
2_4,1500,  1,   99481330.00
2_5,1500,  1,  221258076.00
2  ,1500,  1,   64196446.00
1o0,2000,  1,  361364552.00
2_1,2000,  1,  211790608.00
2_2,2000,  1,  388525270.00
2_3,2000,  1,  373787828.00
2_4,2000,  1,  175632530.00
2_5,2000,  1,  390910252.00
2  ,2000,  1,  114111164.00
1o0,3000,  1,  808684208.00
2_1,3000,  1,  478548602.00
2_2,3000,  1,  872452990.00
2_3,3000,  1,  838590948.00
2_4,3000,  1,  401163134.00
2_5,3000,  1,  874843160.00
2  ,3000,  1,  255956608.00
1o0,3500,  1, 1074017486.00
2_1,3500,  1,  648755346.00
2_2,3500,  1, 1185227308.00
2_3,3500,  1, 1144907586.00
2_4,3500,  1,  537876806.00
2_5,3500,  1, 1193618788.00
2  ,3500,  1,  346428360.00
1o0, 500,  1,   21774376.00
2_1, 500,  1,   13844986.00
2_2, 500,  1,   25022758.00
2_3, 500,  1,   23931748.00
2_4, 500,  1,   11759180.00
2_5, 500,  1,   24591630.00
2  , 500,  1,    7716374.00
1o0, 750,  1,   49928978.00
2_1, 750,  1,   29408448.00
2_2, 750,  1,   55864736.00
2_3, 750,  1,   53941990.00
2_4, 750,  1,   25313822.00
2_5, 750,  1,   54616522.00
2  , 750,  1,   16311930.00
1o0,1000,  1,   91900996.00
2_1,1000,  1,   52446820.00
2_2,1000,  1,   97228766.00
2_3,1000,  1,   93199862.00
2_4,1000,  1,   44057582.00
2_5,1000,  1,   97641746.00
2  ,1000,  1,   28244082.00
1o0,1500,  1,  207611486.00
2_1,1500,  1,  118253138.00
2_2,1500,  1,  220969628.00
2_3,1500,  1,  211355314.00
2_4,1500,  1,   99453626.00
2_5,1500,  1,  222013246.00
2  ,1500,  1,   64185516.00
1o0,2000,  1,  362802202.00
2_1,2000,  1,  211908210.00
2_2,2000,  1,  390543294.00
2_3,2000,  1,  373118642.00
2_4,2000,  1,  175609692.00
2_5,2000,  1,  391682066.00
2  ,2000,  1,  114116022.00
1o0,3000,  1,  806189590.00
2_1,3000,  1,  479127640.00
2_2,3000,  1,  873120852.00
2_3,3000,  1,  839660416.00
2_4,3000,  1,  400750360.00
2_5,3000,  1,  875713138.00
2  ,3000,  1,  255598364.00
1o0,3500,  1, 1076068696.00
2_1,3500,  1,  648344354.00
2_2,3500,  1, 1185392400.00
2_3,3500,  1, 1141936762.00
2_4,3500,  1,  536817506.00
2_5,3500,  1, 1193707548.00
2  ,3500,  1,  346625358.00
1o0, 500,  1,   21770508.00
2_1, 500,  1,   13578034.00
2_2, 500,  1,   24706930.00
2_3, 500,  1,   23791804.00
2_4, 500,  1,   11636616.00
2_5, 500,  1,   24495392.00
2  , 500,  1,    7663214.00
1o0, 750,  1,   49701496.00
2_1, 750,  1,   29274062.00
2_2, 750,  1,   55667362.00
2_3, 750,  1,   53671716.00
2_4, 750,  1,   25213984.00
2_5, 750,  1,   54604946.00
2  , 750,  1,   16223318.00
1o0,1000,  1,   91435098.00
2_1,1000,  1,   53493644.00
2_2,1000,  1,   98642506.00
2_3,1000,  1,   94053286.00
2_4,1000,  1,   44338326.00
2_5,1000,  1,   96940502.00
2  ,1000,  1,   28390220.00
1o0,1500,  1,  207123438.00
2_1,1500,  1,  118040860.00
2_2,1500,  1,  218035206.00
2_3,1500,  1,  210295752.00
2_4,1500,  1,   99654024.00
2_5,1500,  1,  222695864.00
2  ,1500,  1,   64164054.00
1o0,2000,  1,  362064596.00
2_1,2000,  1,  211735406.00
2_2,2000,  1,  391428668.00
2_3,2000,  1,  373908648.00
2_4,2000,  1,  175855526.00
2_5,2000,  1,  390417452.00
2  ,2000,  1,  114177922.00
1o0,3000,  1,  801216594.00
2_1,3000,  1,  478913098.00
2_2,3000,  1,  872971770.00
2_3,3000,  1,  839846998.00
2_4,3000,  1,  401010506.00
2_5,3000,  1,  875334880.00
2  ,3000,  1,  255068644.00
1o0,3500,  1, 1075710340.00
2_1,3500,  1,  648494190.00
2_2,3500,  1, 1189066566.00
2_3,3500,  1, 1144003056.00
2_4,3500,  1,  537416110.00
2_5,3500,  1, 1193382364.00
2  ,3500,  1,  346736610.00
1o0, 500,  1,   21812030.00
2_1, 500,  1,   13863704.00
2_2, 500,  1,   24894936.00
2_3, 500,  1,   23887834.00
2_4, 500,  1,   11764640.00
2_5, 500,  1,   24606824.00
2  , 500,  1,    7732136.00
1o0, 750,  1,   49898404.00
2_1, 750,  1,   30095578.00
2_2, 750,  1,   55486134.00
2_3, 750,  1,   53908924.00
2_4, 750,  1,   25321542.00
2_5, 750,  1,   54609478.00
2  , 750,  1,   16330248.00
1o0,1000,  1,   91840462.00
2_1,1000,  1,   53125916.00
2_2,1000,  1,   97364866.00
2_3,1000,  1,   93056534.00
2_4,1000,  1,   44112962.00
2_5,1000,  1,   96617846.00
2  ,1000,  1,   28292960.00
1o0,1500,  1,  201834236.00
2_1,1500,  1,  118271688.00
2_2,1500,  1,  220759754.00
2_3,1500,  1,  210963320.00
2_4,1500,  1,   98856002.00
2_5,1500,  1,  218932744.00
2  ,1500,  1,   64112238.00
1o0,2000,  1,  367084712.00
2_1,2000,  1,  212309186.00
2_2,2000,  1,  389779722.00
2_3,2000,  1,  373550014.00
2_4,2000,  1,  175805882.00
2_5,2000,  1,  394266108.00
2  ,2000,  1,  113187158.00
1o0,3000,  1,  801503728.00
2_1,3000,  1,  478994762.00
2_2,3000,  1,  873303618.00
2_3,3000,  1,  839993608.00
2_4,3000,  1,  400657456.00
2_5,3000,  1,  875139560.00
2  ,3000,  1,  256156326.00
1o0,3500,  1, 1073868286.00
2_1,3500,  1,  649687212.00
2_2,3500,  1, 1186989248.00
2_3,3500,  1, 1143010312.00
2_4,3500,  1,  537527548.00
2_5,3500,  1, 1192817136.00
2  ,3500,  1,  346544874.00
1o0, 500,  1,   22362940.00
2_1, 500,  1,   13941884.00
2_2, 500,  1,   25006252.00
2_3, 500,  1,   23981712.00
2_4, 500,  1,   11760096.00
2_5, 500,  1,   24538716.00
2  , 500,  1,    7731070.00
1o0, 750,  1,   49912866.00
2_1, 750,  1,   30129990.00
2_2, 750,  1,   55760122.00
2_3, 750,  1,   53767058.00
2_4, 750,  1,   25299208.00
2_5, 750,  1,   54532778.00
2  , 750,  1,   15503334.00
1o0,1000,  1,   91847038.00
2_1,1000,  1,   52480302.00
2_2,1000,  1,   97292350.00
2_3,1000,  1,   93232614.00
2_4,1000,  1,   44920706.00
2_5,1000,  1,   96797584.00
2  ,1000,  1,   28403120.00
1o0,1500,  1,  207120892.00
2_1,1500,  1,  118830822.00
2_2,1500,  1,  217875340.00
2_3,1500,  1,  211499674.00
2_4,1500,  1,   99801504.00
2_5,1500,  1,  222055832.00
2  ,1500,  1,   63274160.00
1o0,2000,  1,  363707578.00
2_1,2000,  1,  210958138.00
2_2,2000,  1,  391112716.00
2_3,2000,  1,  374213730.00
2_4,2000,  1,  176732774.00
2_5,2000,  1,  391683434.00
2  ,2000,  1,  113241648.00
1o0,3000,  1,  810834648.00
2_1,3000,  1,  479212518.00
2_2,3000,  1,  872777188.00
2_3,3000,  1,  840513926.00
2_4,3000,  1,  401025832.00
2_5,3000,  1,  874898626.00
2  ,3000,  1,  254982902.00
1o0,3500,  1, 1071828118.00
2_1,3500,  1,  648991152.00
2_2,3500,  1, 1187310468.00
2_3,3500,  1, 1145260332.00
2_4,3500,  1,  536660774.00
2_5,3500,  1, 1192621884.00
2  ,3500,  1,  346499916.00
1o0, 500,  1,   21835432.00
2_1, 500,  1,   13851174.00
2_2, 500,  1,   24881096.00
2_3, 500,  1,   23860382.00
2_4, 500,  1,   11719902.00
2_5, 500,  1,   24594166.00
2  , 500,  1,    7702936.00
1o0, 750,  1,   49838778.00
2_1, 750,  1,   30178446.00
2_2, 750,  1,   55048660.00
2_3, 750,  1,   53799500.00
2_4, 750,  1,   25300080.00
2_5, 750,  1,   54512406.00
2  , 750,  1,   15548550.00
1o0,1000,  1,   90966620.00
2_1,1000,  1,   52331048.00
2_2,1000,  1,   96821224.00
2_3,1000,  1,   92972896.00
2_4,1000,  1,   44070628.00
2_5,1000,  1,   96522118.00
2  ,1000,  1,   28280478.00
1o0,1500,  1,  207182990.00
2_1,1500,  1,  118588718.00
2_2,1500,  1,  217599650.00
2_3,1500,  1,  210341676.00
2_4,1500,  1,   99513010.00
2_5,1500,  1,  222510816.00
2  ,1500,  1,   64328062.00
1o0,2000,  1,  370264084.00
2_1,2000,  1,  210981356.00
2_2,2000,  1,  391803058.00
2_3,2000,  1,  372531370.00
2_4,2000,  1,  176856668.00
2_5,2000,  1,  389530332.00
2  ,2000,  1,  114112500.00
1o0,3000,  1,  809627900.00
2_1,3000,  1,  477785206.00
2_2,3000,  1,  872778140.00
2_3,3000,  1,  839686276.00
2_4,3000,  1,  401172966.00
2_5,3000,  1,  875669132.00
2  ,3000,  1,  254897614.00
1o0,3500,  1, 1072189184.00
2_1,3500,  1,  648793074.00
2_2,3500,  1, 1187775274.00
2_3,3500,  1, 1142281634.00
2_4,3500,  1,  538160970.00
2_5,3500,  1, 1194434222.00
2  ,3500,  1,  346821494.00
1o0, 500,  1,   21769718.00
2_1, 500,  1,   13577314.00
2_2, 500,  1,   24635678.00
2_3, 500,  1,   23718088.00
2_4, 500,  1,   11593258.00
2_5, 500,  1,   24485856.00
2  , 500,  1,    7696738.00
1o0, 750,  1,   50205578.00
2_1, 750,  1,   30013666.00
2_2, 750,  1,   55795284.00
2_3, 750,  1,   53751970.00
2_4, 750,  1,   25249244.00
2_5, 750,  1,   54588198.00
2  , 750,  1,   16314242.00
1o0,1000,  1,   90994752.00
2_1,1000,  1,   52455372.00
2_2,1000,  1,   97330358.00
2_3,1000,  1,   93245390.00
2_4,1000,  1,   44205076.00
2_5,1000,  1,   97168144.00
2  ,1000,  1,   28343992.00
1o0,1500,  1,  206517460.00
2_1,1500,  1,  118307988.00
2_2,1500,  1,  221145402.00
2_3,1500,  1,  210693208.00
2_4,1500,  1,   99694270.00
2_5,1500,  1,  222084524.00
2  ,1500,  1,   63272134.00
1o0,2000,  1,  364162196.00
2_1,2000,  1,  211246028.00
2_2,2000,  1,  390768942.00
2_3,2000,  1,  373829574.00
2_4,2000,  1,  175759116.00
2_5,2000,  1,  391476852.00
2  ,2000,  1,  113771454.00
1o0,3000,  1,  801155350.00
2_1,3000,  1,  478863544.00
2_2,3000,  1,  873701902.00
2_3,3000,  1,  840130622.00
2_4,3000,  1,  400279460.00
2_5,3000,  1,  875030080.00
2  ,3000,  1,  256061094.00
1o0,3500,  1, 1074291122.00
2_1,3500,  1,  649240284.00
2_2,3500,  1, 1187447388.00
2_3,3500,  1, 1148048236.00
2_4,3500,  1,  537630200.00
2_5,3500,  1, 1193153952.00
2  ,3500,  1,  346733102.00
1o0, 500,  1,   21746566.00
2_1, 500,  1,   13935102.00
2_2, 500,  1,   24976806.00
2_3, 500,  1,   23985382.00
2_4, 500,  1,   11748082.00
2_5, 500,  1,   24575216.00
2  , 500,  1,    7746354.00
1o0, 750,  1,   49878316.00
2_1, 750,  1,   30068274.00
2_2, 750,  1,   55963072.00
2_3, 750,  1,   53749546.00
2_4, 750,  1,   25374146.00
2_5, 750,  1,   54602308.00
2  , 750,  1,   15473432.00
1o0,1000,  1,   91865500.00
2_1,1000,  1,   52508202.00
2_2,1000,  1,   97014400.00
2_3,1000,  1,   93252212.00
2_4,1000,  1,   43961692.00
2_5,1000,  1,   96774082.00
2  ,1000,  1,   28264968.00
1o0,1500,  1,  205163300.00
2_1,1500,  1,  119080084.00
2_2,1500,  1,  218335124.00
2_3,1500,  1,  211521292.00
2_4,1500,  1,   99716306.00
2_5,1500,  1,  221257542.00
2  ,1500,  1,   63186360.00
1o0,2000,  1,  366758038.00
2_1,2000,  1,  211744858.00
2_2,2000,  1,  389904264.00
2_3,2000,  1,  373920418.00
2_4,2000,  1,  176853240.00
2_5,2000,  1,  392851054.00
2  ,2000,  1,  114248926.00
1o0,3000,  1,  805864548.00
2_1,3000,  1,  478500332.00
2_2,3000,  1,  872251002.00
2_3,3000,  1,  841650294.00
2_4,3000,  1,  399304774.00
2_5,3000,  1,  874161434.00
2  ,3000,  1,  255973668.00
1o0,3500,  1, 1075304826.00
2_1,3500,  1,  649388402.00
2_2,3500,  1, 1185883340.00
2_3,3500,  1, 1145705770.00
2_4,3500,  1,  538109748.00
2_5,3500,  1, 1193502384.00
2  ,3500,  1,  346542268.00
1o0, 500,  1,   21702172.00
2_1, 500,  1,   13933014.00
2_2, 500,  1,   24996038.00
2_3, 500,  1,   23964638.00
2_4, 500,  1,   11733898.00
2_5, 500,  1,   24724828.00
2  , 500,  1,    7734668.00
1o0, 750,  1,   50180622.00
2_1, 750,  1,   30133314.00
2_2, 750,  1,   56019142.00
2_3, 750,  1,   54019140.00
2_4, 750,  1,   25288136.00
2_5, 750,  1,   54471360.00
2  , 750,  1,   16287176.00
1o0,1000,  1,   91525494.00
2_1,1000,  1,   52473752.00
2_2,1000,  1,   97395606.00
2_3,1000,  1,   93695220.00
2_4,1000,  1,   44097368.00
2_5,1000,  1,   96601788.00
2  ,1000,  1,   28249650.00
1o0,1500,  1,  207418858.00
2_1,1500,  1,  118331658.00
2_2,1500,  1,  219909458.00
2_3,1500,  1,  211628138.00
2_4,1500,  1,   98913710.00
2_5,1500,  1,  220199676.00
2  ,1500,  1,   63262178.00
1o0,2000,  1,  364015608.00
2_1,2000,  1,  211383968.00
2_2,2000,  1,  388368314.00
2_3,2000,  1,  373808928.00
2_4,2000,  1,  176528992.00
2_5,2000,  1,  390894080.00
2  ,2000,  1,  114386326.00
1o0,3000,  1,  803573198.00
2_1,3000,  1,  479022518.00
2_2,3000,  1,  872612846.00
2_3,3000,  1,  840255086.00
2_4,3000,  1,  401632878.00
2_5,3000,  1,  875561974.00
2  ,3000,  1,  255979040.00
1o0,3500,  1, 1072132566.00
2_1,3500,  1,  648865234.00
2_2,3500,  1, 1185222174.00
2_3,3500,  1, 1143660022.00
2_4,3500,  1,  538175756.00
2_5,3500,  1, 1192873508.00
2  ,3500,  1,  347486196.00
1o0, 500,  1,   21754256.00
2_1, 500,  1,   13828676.00
2_2, 500,  1,   24876834.00
2_3, 500,  1,   23950656.00
2_4, 500,  1,   11734568.00
2_5, 500,  1,   24656710.00
2  , 500,  1,    7732476.00
1o0, 750,  1,   49996942.00
2_1, 750,  1,   29463692.00
2_2, 750,  1,   55483268.00
2_3, 750,  1,   54027470.00
2_4, 750,  1,   25366918.00
2_5, 750,  1,   54636394.00
2  , 750,  1,   16321138.00
1o0,1000,  1,   91860854.00
2_1,1000,  1,   53204494.00
2_2,1000,  1,   97412942.00
2_3,1000,  1,   93198774.00
2_4,1000,  1,   44236650.00
2_5,1000,  1,   95829004.00
2  ,1000,  1,   28261532.00
1o0,1500,  1,  207343690.00
2_1,1500,  1,  118225630.00
2_2,1500,  1,  218468636.00
2_3,1500,  1,  210932848.00
2_4,1500,  1,   98906742.00
2_5,1500,  1,  221363126.00
2  ,1500,  1,   63245678.00
1o0,2000,  1,  365457570.00
2_1,2000,  1,  212112564.00
2_2,2000,  1,  392771286.00
2_3,2000,  1,  373943058.00
2_4,2000,  1,  176718366.00
2_5,2000,  1,  393070224.00
2  ,2000,  1,  114518828.00
1o0,3000,  1,  809007890.00
2_1,3000,  1,  478413338.00
2_2,3000,  1,  871593006.00
2_3,3000,  1,  840285152.00
2_4,3000,  1,  401815532.00
2_5,3000,  1,  876085852.00
2  ,3000,  1,  254663614.00
1o0,3500,  1, 1075736286.00
2_1,3500,  1,  648179416.00
2_2,3500,  1, 1187643306.00
2_3,3500,  1, 1142624338.00
2_4,3500,  1,  538082374.00
2_5,3500,  1, 1193155742.00
2  ,3500,  1,  347200888.00
1o0, 500,  1,   21710586.00
2_1, 500,  1,   13924124.00
2_2, 500,  1,   25073626.00
2_3, 500,  1,   23902498.00
2_4, 500,  1,   11713604.00
2_5, 500,  1,   24542890.00
2  , 500,  1,    7714076.00
1o0, 750,  1,   49865794.00
2_1, 750,  1,   30109544.00
2_2, 750,  1,   56109722.00
2_3, 750,  1,   53683096.00
2_4, 750,  1,   25363258.00
2_5, 750,  1,   54681944.00
2  , 750,  1,   16332492.00
1o0,1000,  1,   93804158.00
2_1,1000,  1,   52589612.00
2_2,1000,  1,   97276962.00
2_3,1000,  1,   93998376.00
2_4,1000,  1,   44182712.00
2_5,1000,  1,   96635564.00
2  ,1000,  1,   28277814.00
1o0,1500,  1,  207386188.00
2_1,1500,  1,  119059224.00
2_2,1500,  1,  220391516.00
2_3,1500,  1,  210090034.00
2_4,1500,  1,   98884784.00
2_5,1500,  1,  219749506.00
2  ,1500,  1,   63441422.00
1o0,2000,  1,  364358462.00
2_1,2000,  1,  212443814.00
2_2,2000,  1,  391346092.00
2_3,2000,  1,  373776294.00
2_4,2000,  1,  175802058.00
2_5,2000,  1,  390929698.00
2  ,2000,  1,  113422334.00
1o0,3000,  1,  810256170.00
2_1,3000,  1,  479148664.00
2_2,3000,  1,  872343476.00
2_3,3000,  1,  839591944.00
2_4,3000,  1,  401398262.00
2_5,3000,  1,  875211758.00
2  ,3000,  1,  256454716.00
1o0,3500,  1, 1072258860.00
2_1,3500,  1,  648819206.00
2_2,3500,  1, 1184599080.00
2_3,3500,  1, 1141708048.00
2_4,3500,  1,  537880914.00
2_5,3500,  1, 1193355466.00
2  ,3500,  1,  346699980.00
1o0, 500,  1,   21780922.00
2_1, 500,  1,   13938970.00
2_2, 500,  1,   25119624.00
2_3, 500,  1,   23979718.00
2_4, 500,  1,   11710878.00
2_5, 500,  1,   24568928.00
2  , 500,  1,    7723116.00
1o0, 750,  1,   50217088.00
2_1, 750,  1,   30152480.00
2_2, 750,  1,   55899606.00
2_3, 750,  1,   53568800.00
2_4, 750,  1,   25356100.00
2_5, 750,  1,   53911648.00
2  , 750,  1,   16326062.00
1o0,1000,  1,   91291304.00
2_1,1000,  1,   52512784.00
2_2,1000,  1,   97193726.00
2_3,1000,  1,   93215864.00
2_4,1000,  1,   44945068.00
2_5,1000,  1,   96608644.00
2  ,1000,  1,   29185778.00
1o0,1500,  1,  205491186.00
2_1,1500,  1,  118902828.00
2_2,1500,  1,  221091686.00
2_3,1500,  1,  209752016.00
2_4,1500,  1,   98787912.00
2_5,1500,  1,  218574070.00
2  ,1500,  1,   64247742.00
1o0,2000,  1,  361951704.00
2_1,2000,  1,  212563116.00
2_2,2000,  1,  390851676.00
2_3,2000,  1,  373375838.00
2_4,2000,  1,  176916806.00
2_5,2000,  1,  391270194.00
2  ,2000,  1,  114291352.00
1o0,3000,  1,  806445164.00
2_1,3000,  1,  477927086.00
2_2,3000,  1,  872283504.00
2_3,3000,  1,  840246256.00
2_4,3000,  1,  400125000.00
2_5,3000,  1,  876041698.00
2  ,3000,  1,  256012210.00
1o0,3500,  1, 1084122554.00
2_1,3500,  1,  648589794.00
2_2,3500,  1, 1188671532.00
2_3,3500,  1, 1145381594.00
2_4,3500,  1,  538462852.00
2_5,3500,  1, 1192926050.00
2  ,3500,  1,  347760030.00
1o0, 500,  1,   21758642.00
2_1, 500,  1,   13878018.00
2_2, 500,  1,   24944042.00
2_3, 500,  1,   23869928.00
2_4, 500,  1,   11663018.00
2_5, 500,  1,   24521040.00
2  , 500,  1,    7718564.00
1o0, 750,  1,   49704918.00
2_1, 750,  1,   30103032.00
2_2, 750,  1,   55461870.00
2_3, 750,  1,   53523750.00
2_4, 750,  1,   25346152.00
2_5, 750,  1,   54671614.00
2  , 750,  1,   16341970.00
1o0,1000,  1,   91491508.00
2_1,1000,  1,   52526832.00
2_2,1000,  1,   97203332.00
2_3,1000,  1,   93668198.00
2_4,1000,  1,   44073546.00
2_5,1000,  1,   96964896.00
2  ,1000,  1,   28272842.00
1o0,1500,  1,  207301056.00
2_1,1500,  1,  119062416.00
2_2,1500,  1,  217981912.00
2_3,1500,  1,  210654014.00
2_4,1500,  1,   99542944.00
2_5,1500,  1,  221482390.00
2  ,1500,  1,   64232456.00
1o0,2000,  1,  365039504.00
2_1,2000,  1,  211870520.00
2_2,2000,  1,  390681696.00
2_3,2000,  1,  373903788.00
2_4,2000,  1,  177132664.00
2_5,2000,  1,  392204402.00
2  ,2000,  1,  114339366.00
1o0,3000,  1,  813834540.00
2_1,3000,  1,  477863540.00
2_2,3000,  1,  872354950.00
2_3,3000,  1,  839587110.00
2_4,3000,  1,  400516698.00
2_5,3000,  1,  876269414.00
2  ,3000,  1,  256345734.00
1o0,3500,  1, 1073807822.00
2_1,3500,  1,  649992904.00
2_2,3500,  1, 1185538632.00
2_3,3500,  1, 1146478972.00
2_4,3500,  1,  538341550.00
2_5,3500,  1, 1193524312.00
2  ,3500,  1,  347180000.00
1o0, 500,  1,   21832960.00
2_1, 500,  1,   13907442.00
2_2, 500,  1,   25010034.00
2_3, 500,  1,   23965216.00
2_4, 500,  1,   11778570.00
2_5, 500,  1,   24602088.00
2  , 500,  1,    7752284.00
1o0, 750,  1,   49946492.00
2_1, 750,  1,   30151660.00
2_2, 750,  1,   55811800.00
2_3, 750,  1,   53984842.00
2_4, 750,  1,   26778928.00
2_5, 750,  1,   54665550.00
2  , 750,  1,   15458994.00
1o0,1000,  1,   91907598.00
2_1,1000,  1,   52547522.00
2_2,1000,  1,   97395650.00
2_3,1000,  1,   93120514.00
2_4,1000,  1,   44035556.00
2_5,1000,  1,   96811414.00
2  ,1000,  1,   28293478.00
1o0,1500,  1,  207449894.00
2_1,1500,  1,  118368680.00
2_2,1500,  1,  220326246.00
2_3,1500,  1,  211713670.00
2_4,1500,  1,   98726936.00
2_5,1500,  1,  221758320.00
2  ,1500,  1,   64319474.00
1o0,2000,  1,  364188558.00
2_1,2000,  1,  211258650.00
2_2,2000,  1,  389453986.00
2_3,2000,  1,  373082672.00
2_4,2000,  1,  176865774.00
2_5,2000,  1,  392550314.00
2  ,2000,  1,  114215546.00
1o0,3000,  1,  809457108.00
2_1,3000,  1,  477877926.00
2_2,3000,  1,  872620414.00
2_3,3000,  1,  840473266.00
2_4,3000,  1,  402084442.00
2_5,3000,  1,  875335604.00
2  ,3000,  1,  256340054.00
1o0,3500,  1, 1074921756.00
2_1,3500,  1,  649139084.00
2_2,3500,  1, 1186769090.00
2_3,3500,  1, 1144328908.00
2_4,3500,  1,  536392278.00
2_5,3500,  1, 1193973092.00
2  ,3500,  1,  346727476.00
1o0, 500,  1,   21826112.00
2_1, 500,  1,   13911938.00
2_2, 500,  1,   24962022.00
2_3, 500,  1,   23955132.00
2_4, 500,  1,   11784016.00
2_5, 500,  1,   24604958.00
2  , 500,  1,    7766592.00
1o0, 750,  1,   49929008.00
2_1, 750,  1,   30169488.00
2_2, 750,  1,   55328340.00
2_3, 750,  1,   53177246.00
2_4, 750,  1,   25382478.00
2_5, 750,  1,   54682072.00
2  , 750,  1,   16381528.00
1o0,1000,  1,   91850674.00
2_1,1000,  1,   52517316.00
2_2,1000,  1,   97871788.00
2_3,1000,  1,   93240672.00
2_4,1000,  1,   44083560.00
2_5,1000,  1,   96565936.00
2  ,1000,  1,   28282660.00
1o0,1500,  1,  207386540.00
2_1,1500,  1,  118400794.00
2_2,1500,  1,  220063916.00
2_3,1500,  1,  210484518.00
2_4,1500,  1,   99551276.00
2_5,1500,  1,  220056174.00
2  ,1500,  1,   63354808.00
1o0,2000,  1,  364226688.00
2_1,2000,  1,  211989326.00
2_2,2000,  1,  390991154.00
2_3,2000,  1,  373119044.00
2_4,2000,  1,  176925840.00
2_5,2000,  1,  388967636.00
2  ,2000,  1,  113430288.00
1o0,3000,  1,  809045718.00
2_1,3000,  1,  478464942.00
2_2,3000,  1,  873221210.00
2_3,3000,  1,  840633636.00
2_4,3000,  1,  401289282.00
2_5,3000,  1,  874257682.00
2  ,3000,  1,  256731362.00
1o0,3500,  1, 1113147576.00
2_1,3500,  1,  649259690.00
2_2,3500,  1, 1187686408.00
2_3,3500,  1, 1146971434.00
2_4,3500,  1,  537861110.00
2_5,3500,  1, 1194160108.00
2  ,3500,  1,  347897356.00
1o0, 500,  1,   21786828.00
2_1, 500,  1,   13843976.00
2_2, 500,  1,   24831384.00
2_3, 500,  1,   23945404.00
2_4, 500,  1,   11754256.00
2_5, 500,  1,   24744292.00
2  , 500,  1,    7721986.00
1o0, 750,  1,   50195294.00
2_1, 750,  1,   30161708.00
2_2, 750,  1,   56177720.00
2_3, 750,  1,   53763508.00
2_4, 750,  1,   25336548.00
2_5, 750,  1,   54648868.00
2  , 750,  1,   16334228.00
1o0,1000,  1,   91226446.00
2_1,1000,  1,   52504196.00
2_2,1000,  1,   97344584.00
2_3,1000,  1,   93105548.00
2_4,1000,  1,   44481016.00
2_5,1000,  1,   97814824.00
2  ,1000,  1,   28587744.00
1o0,1500,  1,  207405360.00
2_1,1500,  1,  118037218.00
2_2,1500,  1,  219923466.00
2_3,1500,  1,  210180350.00
2_4,1500,  1,   99444470.00
2_5,1500,  1,  221725362.00
2  ,1500,  1,   62835284.00
1o0,2000,  1,  370579388.00
2_1,2000,  1,  210091984.00
2_2,2000,  1,  389793594.00
2_3,2000,  1,  373033904.00
2_4,2000,  1,  176567552.00
2_5,2000,  1,  390052728.00
2  ,2000,  1,  114187572.00
1o0,3000,  1,  803485752.00
2_1,3000,  1,  478698106.00
2_2,3000,  1,  872559588.00
2_3,3000,  1,  838907274.00
2_4,3000,  1,  400084966.00
2_5,3000,  1,  875661848.00
2  ,3000,  1,  255754682.00
1o0,3500,  1, 1073769000.00
2_1,3500,  1,  648177518.00
2_2,3500,  1, 1185728928.00
2_3,3500,  1, 1142257050.00
2_4,3500,  1,  537410428.00
2_5,3500,  1, 1193362674.00
2  ,3500,  1,  347302402.00
1o0, 500,  1,   21788576.00
2_1, 500,  1,   13577604.00
2_2, 500,  1,   24661468.00
2_3, 500,  1,   23771938.00
2_4, 500,  1,   11641630.00
2_5, 500,  1,   24474782.00
2  , 500,  1,    7651210.00
1o0, 750,  1,   49688780.00
2_1, 750,  1,   29930148.00
2_2, 750,  1,   55457550.00
2_3, 750,  1,   53637588.00
2_4, 750,  1,   25203214.00
2_5, 750,  1,   54444110.00
2  , 750,  1,   15518816.00
1o0,1000,  1,   90834196.00
2_1,1000,  1,   52451060.00
2_2,1000,  1,   97102758.00
2_3,1000,  1,   93309524.00
2_4,1000,  1,   44091888.00
2_5,1000,  1,   97544246.00
2  ,1000,  1,   28324642.00
1o0,1500,  1,  207311734.00
2_1,1500,  1,  119071020.00
2_2,1500,  1,  221101880.00
2_3,1500,  1,  211470248.00
2_4,1500,  1,   99607728.00
2_5,1500,  1,  221803376.00
2  ,1500,  1,   64309000.00
1o0,2000,  1,  364962140.00
2_1,2000,  1,  212162142.00
2_2,2000,  1,  389422174.00
2_3,2000,  1,  374217176.00
2_4,2000,  1,  176689382.00
2_5,2000,  1,  391327540.00
2  ,2000,  1,  114192768.00
1o0,3000,  1,  806103088.00
2_1,3000,  1,  477685686.00
2_2,3000,  1,  872587806.00
2_3,3000,  1,  841352820.00
2_4,3000,  1,  400642174.00
2_5,3000,  1,  875065234.00
2  ,3000,  1,  255067946.00
1o0,3500,  1, 1071867742.00
2_1,3500,  1,  649907460.00
2_2,3500,  1, 1187697722.00
2_3,3500,  1, 1145222494.00
2_4,3500,  1,  539152862.00
2_5,3500,  1, 1194822018.00
2  ,3500,  1,  347670370.00
1o0, 500,  1,   21739722.00
2_1, 500,  1,   13917382.00
2_2, 500,  1,   25000926.00
2_3, 500,  1,   23979674.00
2_4, 500,  1,   11777750.00
2_5, 500,  1,   24605842.00
2  , 500,  1,    7726978.00
1o0, 750,  1,   49917010.00
2_1, 750,  1,   30238822.00
2_2, 750,  1,   56063020.00
2_3, 750,  1,   53821078.00
2_4, 750,  1,   25361268.00
2_5, 750,  1,   54673412.00
2  , 750,  1,   15500756.00
1o0,1000,  1,   91186372.00
2_1,1000,  1,   52579742.00
2_2,1000,  1,   97536178.00
2_3,1000,  1,   93288244.00
2_4,1000,  1,   43911014.00
2_5,1000,  1,   96958028.00
2  ,1000,  1,   28246062.00
1o0,1500,  1,  207408682.00
2_1,1500,  1,  119028430.00
2_2,1500,  1,  218507832.00
2_3,1500,  1,  210352702.00
2_4,1500,  1,   98737588.00
2_5,1500,  1,  220167212.00
2  ,1500,  1,   63311798.00
1o0,2000,  1,  362816300.00
2_1,2000,  1,  211911574.00
2_2,2000,  1,  389824078.00
2_3,2000,  1,  373073674.00
2_4,2000,  1,  176764762.00
2_5,2000,  1,  391025884.00
2  ,2000,  1,  114300078.00
1o0,3000,  1,  813764892.00
2_1,3000,  1,  478642876.00
2_2,3000,  1,  872607256.00
2_3,3000,  1,  840177542.00
2_4,3000,  1,  401350376.00
2_5,3000,  1,  874333720.00
2  ,3000,  1,  256270688.00
1o0,3500,  1, 1072363232.00
2_1,3500,  1,  649367948.00
2_2,3500,  1, 1184734994.00
2_3,3500,  1, 1142602004.00
2_4,3500,  1,  538089400.00
2_5,3500,  1, 1195198680.00
2  ,3500,  1,  347816708.00
